0.000000000000000000e+00 3.000000000000000000e+01
1.001001001001000992e-02 2.978564922215409894e+01
2.002002002002001985e-02 2.957186964017221698e+01
3.003003003003002977e-02 2.935866368506112778e+01
4.004004004004003969e-02 2.914603378782759080e+01
5.005005005005004615e-02 2.893398237947837970e+01
6.006006006006005954e-02 2.872251189102025748e+01
7.007007007007007293e-02 2.851162475345999070e+01
8.008008008008007939e-02 2.830132339780434592e+01
9.009009009009008584e-02 2.809161025506009679e+01
1.001001001001000923e-01 2.788248775623399567e+01
1.101101101101101126e-01 2.767395833233281977e+01
1.201201201201201191e-01 2.746602441436333208e+01
1.301301301301301394e-01 2.725868843333230274e+01
1.401401401401401459e-01 2.705195282024649117e+01
1.501501501501501523e-01 2.684582000611267460e+01
1.601601601601601588e-01 2.664029242193761249e+01
1.701701701701701652e-01 2.643537249872807138e+01
1.801801801801801717e-01 2.623106266749081783e+01
1.901901901901901781e-01 2.602736535923262196e+01
2.002002002002001846e-01 2.582428300496025031e+01
2.102102102102102188e-01 2.562181803568046590e+01
2.202202202202202252e-01 2.541997288240003527e+01
2.302302302302302317e-01 2.521874997612572855e+01
2.402402402402402382e-01 2.501815174786431584e+01
2.502502502502502724e-01 2.481818062862255303e+01
2.602602602602602788e-01 2.461883904940721024e+01
2.702702702702702853e-01 2.442012944122506468e+01
2.802802802802802917e-01 2.422205423508286870e+01
2.902902902902902982e-01 2.402461586198739241e+01
3.003003003003003046e-01 2.382781675294541301e+01
3.103103103103103111e-01 2.363165933896368287e+01
3.203203203203203175e-01 2.343614605104897919e+01
3.303303303303303240e-01 2.324127932020806142e+01
3.403403403403403304e-01 2.304706157744769612e+01
3.503503503503503369e-01 2.285349525377466051e+01
3.603603603603603434e-01 2.266058278019570693e+01
3.703703703703703498e-01 2.246832658771761260e+01
3.803803803803803563e-01 2.227672910734713696e+01
3.903903903903903627e-01 2.208579277009105724e+01
4.004004004004003692e-01 2.189552000695612222e+01
4.104104104104104311e-01 2.170591324894911622e+01
4.204204204204204376e-01 2.151697492707679515e+01
4.304304304304304440e-01 2.132870747234593622e+01
4.404404404404404505e-01 2.114111331576329178e+01
4.504504504504504570e-01 2.095419488833563904e+01
4.604604604604604634e-01 2.076795462106974455e+01
4.704704704704704699e-01 2.058239494497236421e+01
4.804804804804804763e-01 2.039751829105027880e+01
4.904904904904904828e-01 2.021332709031024422e+01
5.005005005005005447e-01 2.002982377375903411e+01
5.105105105105105512e-01 1.984701077240341505e+01
5.205205205205205576e-01 1.966489051725014292e+01
5.305305305305305641e-01 1.948346543930599850e+01
5.405405405405405705e-01 1.930273796957774479e+01
5.505505505505505770e-01 1.912271053907213769e+01
5.605605605605605835e-01 1.894338557879595797e+01
5.705705705705705899e-01 1.876476551975596863e+01
5.805805805805805964e-01 1.858685279295893267e+01
5.905905905905906028e-01 1.840964982941161310e+01
6.006006006006006093e-01 1.823315906012078713e+01
6.106106106106106157e-01 1.805738291609321777e+01
6.206206206206206222e-01 1.788232382833566447e+01
6.306306306306306286e-01 1.770798422785490445e+01
6.406406406406406351e-01 1.753436654565769359e+01
6.506506506506506415e-01 1.736147321275080913e+01
6.606606606606606480e-01 1.718930666014101050e+01
6.706706706706706544e-01 1.701786931883506782e+01
6.806806806806806609e-01 1.684716361983974409e+01
6.906906906906906674e-01 1.667719199416181297e+01
7.007007007007006738e-01 1.650795687280803392e+01
7.107107107107106803e-01 1.633946068678517349e+01
7.207207207207206867e-01 1.617170586710000535e+01
7.307307307307306932e-01 1.600469484475928894e+01
7.407407407407406996e-01 1.583843005076979438e+01
7.507507507507507061e-01 1.567291391613828644e+01
7.607607607607607125e-01 1.550814887187153879e+01
7.707707707707707190e-01 1.534413734897630732e+01
7.807807807807807254e-01 1.518088177845936571e+01
7.907907907907907319e-01 1.501838459132747694e+01
8.008008008008007383e-01 1.485664821858741114e+01
8.108108108108108558e-01 1.469567509124592952e+01
8.208208208208208623e-01 1.453546764030980576e+01
8.308308308308308687e-01 1.437602829678580107e+01
8.408408408408408752e-01 1.421735949168068558e+01
8.508508508508508816e-01 1.405946365600122405e+01
8.608608608608608881e-01 1.390234322075418305e+01
8.708708708708708945e-01 1.374600061694633268e+01
8.808808808808809010e-01 1.359043827558443240e+01
8.908908908908909074e-01 1.343565862767525587e+01
9.009009009009009139e-01 1.328166410422556609e+01
9.109109109109109204e-01 1.312845713624213140e+01
9.209209209209209268e-01 1.297604015473171657e+01
9.309309309309309333e-01 1.282441559070108816e+01
9.409409409409409397e-01 1.267358587515701629e+01
9.509509509509509462e-01 1.252355343910626395e+01
9.609609609609609526e-01 1.237432071355559948e+01
9.709709709709709591e-01 1.222589012951178944e+01
9.809809809809809655e-01 1.207826411798160038e+01
9.909909909909909720e-01 1.193144510997179708e+01
1.001001001001001089e+00 1.178543553648914965e+01
1.011011011011011096e+00 1.164023782854042111e+01
1.021021021021021102e+00 1.149585441713238332e+01
1.031031031031031109e+00 1.135228773327179574e+01
1.041041041041041115e+00 1.120954020796543027e+01
1.051051051051051122e+00 1.106761427222005345e+01
1.061061061061061128e+00 1.092651235704242829e+01
1.071071071071071135e+00 1.078623689343932668e+01
1.081081081081081141e+00 1.064679031241750984e+01
1.091091091091091148e+00 1.050817504498374788e+01
1.101101101101101154e+00 1.037039352214480559e+01
1.111111111111111160e+00 1.023344817490745129e+01
1.121121121121121167e+00 1.009734143427845154e+01
1.131131131131131173e+00 9.962075731264569356e+00
1.141141141141141180e+00 9.827653496872578387e+00
1.151151151151151186e+00 9.694077162109236312e+00
1.161161161161161193e+00 9.561349157981320346e+00
1.171171171171171199e+00 9.429471915495586387e+00
1.181181181181181206e+00 9.298447865658809874e+00
1.191191191191191212e+00 9.168279439477752035e+00
1.201201201201201219e+00 9.038969067959179426e+00
1.211211211211211225e+00 8.910519182109862157e+00
1.221221221221221231e+00 8.782932212936566785e+00
1.231231231231231238e+00 8.656210591446056313e+00
1.241241241241241244e+00 8.530356748645099074e+00
1.251251251251251251e+00 8.405373115540461626e+00
1.261261261261261257e+00 8.281262123138912301e+00
1.271271271271271264e+00 8.158026202447217656e+00
1.281281281281281270e+00 8.035667784472142472e+00
1.291291291291291277e+00 7.914189300220454193e+00
1.301301301301301283e+00 7.793593180698917600e+00
1.311311311311311290e+00 7.673881856914302801e+00
1.321321321321321296e+00 7.555057759873373691e+00
1.331331331331331302e+00 7.437123320582898600e+00
1.341341341341341309e+00 7.320080970049643199e+00
1.351351351351351315e+00 7.203933139280374931e+00
1.361361361361361322e+00 7.088682259281859466e+00
1.371371371371371328e+00 6.974330761060864248e+00
1.381381381381381335e+00 6.860881075624154946e+00
1.391391391391391341e+00 6.748335633978499892e+00
1.401401401401401348e+00 6.636696867130664756e+00
1.411411411411411354e+00 6.525967206087415207e+00
1.421421421421421361e+00 6.416149081855519576e+00
1.431431431431431367e+00 6.307244925441743533e+00
1.441441441441441373e+00 6.199257167852854522e+00
1.451451451451451380e+00 6.092188240095617324e+00
1.461461461461461386e+00 5.986040573176801161e+00
1.471471471471471393e+00 5.880816598103170811e+00
1.481481481481481399e+00 5.776518745881493722e+00
1.491491491491491406e+00 5.673149447518537336e+00
1.501501501501501412e+00 5.570711134021066435e+00
1.511511511511511419e+00 5.469206236395848464e+00
1.521521521521521425e+00 5.368637185649649979e+00
1.531531531531531432e+00 5.269006412789237537e+00
1.541541541541541438e+00 5.170316348821378583e+00
1.551551551551551444e+00 5.072569424752839673e+00
1.561561561561561451e+00 4.975768071590385588e+00
1.571571571571571457e+00 4.879914720340784662e+00
1.581581581581581464e+00 4.785011802010804338e+00
1.591591591591591470e+00 4.691061747607209398e+00
1.601601601601601477e+00 4.598066988136768174e+00
1.611611611611611705e+00 4.506029954606242782e+00
1.621621621621621712e+00 4.414953078022406885e+00
1.631631631631631718e+00 4.324838789392023486e+00
1.641641641641641725e+00 4.235689519721860030e+00
1.651651651651651731e+00 4.147507700018681298e+00
1.661661661661661737e+00 4.060295761289257399e+00
1.671671671671671744e+00 3.974056134540350005e+00
1.681681681681681750e+00 3.888791250778729669e+00
1.691691691691691757e+00 3.804503541011162504e+00
1.701701701701701763e+00 3.721195436244414179e+00
1.711711711711711770e+00 3.638869367485252582e+00
1.721721721721721776e+00 3.557527765740442049e+00
1.731731731731731783e+00 3.477173062016752247e+00
1.741741741741741789e+00 3.397807687320947068e+00
1.751751751751751796e+00 3.319434072659793955e+00
1.761761761761761802e+00 3.242054649040062575e+00
1.771771771771771808e+00 3.165671847468514599e+00
1.781781781781781815e+00 3.090288098951921025e+00
1.791791791791791821e+00 3.015905834497044413e+00
1.801801801801801828e+00 2.942527485110655761e+00
1.811811811811811834e+00 2.870155481799517183e+00
1.821821821821821841e+00 2.798792255570397902e+00
1.831831831831831847e+00 2.728440237430065807e+00
1.841841841841841854e+00 2.659101858385284345e+00
1.851851851851851860e+00 2.590779549442823626e+00
1.861861861861861867e+00 2.523475741609447542e+00
1.871871871871871873e+00 2.457192865891924427e+00
1.881881881881881879e+00 2.391933353297019060e+00
1.891891891891891886e+00 2.327699634831498887e+00
1.901901901901901892e+00 2.264494141502132685e+00
1.911911911911911899e+00 2.202319304315683901e+00
1.921921921921921905e+00 2.141177554278921757e+00
1.931931931931931912e+00 2.081071322398610590e+00
1.941941941941941918e+00 2.022003039681519621e+00
1.951951951951951925e+00 1.963975137134412519e+00
1.961961961961961931e+00 1.906990045764059172e+00
1.971971971971971938e+00 1.851050196577222584e+00
1.981981981981981944e+00 1.796158020580671533e+00
1.991991991991991950e+00 1.742315948781173685e+00
2.002002002002002179e+00 1.689526395144653748e+00
2.012012012012012185e+00 1.637788160979021912e+00
2.022022022022022192e+00 1.587091987275003557e+00
2.032032032032032198e+00 1.537427524409583857e+00
2.042042042042042205e+00 1.488784422759747539e+00
2.052052052052052211e+00 1.441152332702479777e+00
2.062062062062062218e+00 1.394520904614764190e+00
2.072072072072072224e+00 1.348879788873586838e+00
2.082082082082082231e+00 1.304218635855931785e+00
2.092092092092092237e+00 1.260527095938783981e+00
2.102102102102102243e+00 1.217794819499128156e+00
2.112112112112112250e+00 1.176011456913949482e+00
2.122122122122122256e+00 1.135166658560232467e+00
2.132132132132132263e+00 1.095250074814962060e+00
2.142142142142142269e+00 1.056251356055122770e+00
2.152152152152152276e+00 1.018160152657699768e+00
2.162162162162162282e+00 9.809661149996773410e-01
2.172172172172172289e+00 9.446588934580408825e-01
2.182182182182182295e+00 9.092281384097747887e-01
2.192192192192192302e+00 8.746635002318640106e-01
2.202202202202202308e+00 8.409546293012933882e-01
2.212212212212212314e+00 8.080911759950475393e-01
2.222222222222222321e+00 7.760627906901115258e-01
2.232232232232232327e+00 7.448591237634700768e-01
2.242242242242242334e+00 7.144698255921078101e-01
2.252252252252252340e+00 6.848845465530094545e-01
2.262262262262262347e+00 6.560929370231601832e-01
2.272272272272272353e+00 6.280846473795445029e-01
2.282282282282282360e+00 6.008493279991472535e-01
2.292292292292292366e+00 5.743766292589533862e-01
2.302302302302302373e+00 5.486562015359475186e-01
2.312312312312312379e+00 5.236776952071148239e-01
2.322322322322322385e+00 4.994307606494393648e-01
2.332332332332332392e+00 4.759050482399066473e-01
2.342342342342342398e+00 4.530902083555010118e-01
2.352352352352352405e+00 4.309758913732075758e-01
2.362362362362362411e+00 4.095517476700109016e-01
2.372372372372372418e+00 3.888074276228960513e-01
2.382382382382382424e+00 3.687325816088477537e-01
2.392392392392392431e+00 3.493168600048502936e-01
2.402402402402402437e+00 3.305499131878893437e-01
2.412412412412412444e+00 3.124213915349488557e-01
2.422422422422422450e+00 2.949209454230143912e-01
2.432432432432432456e+00 2.780382252290699574e-01
2.442442442442442463e+00 2.617628813301012269e-01
2.452452452452452469e+00 2.460845641030924291e-01
2.462462462462462476e+00 2.309929239250283206e-01
2.472472472472472482e+00 2.164776111728939356e-01
2.482482482482482489e+00 2.025282762236740586e-01
2.492492492492492495e+00 1.891345694543532518e-01
2.502502502502502502e+00 1.762861412419167717e-01
2.512512512512512508e+00 1.639726419633488197e-01
2.522522522522522515e+00 1.521837219956351794e-01
2.532532532532532521e+00 1.409090317157590255e-01
2.542542542542542527e+00 1.301382215007066967e-01
2.552552552552552534e+00 1.198609417274621447e-01
2.562562562562562540e+00 1.100668427730106536e-01
2.572572572572572547e+00 1.007455750143366746e-01
2.582582582582582553e+00 9.188678882842521434e-02
2.592592592592592560e+00 8.348013459226077959e-02
2.602602602602602566e+00 7.551526268282848786e-02
2.612612612612612573e+00 6.798182347711329010e-02
2.622622622622622579e+00 6.086946735209936010e-02
2.632632632632632586e+00 5.416784468477203740e-02
2.642642642642642592e+00 4.786660585211588437e-02
2.652652652652652598e+00 4.195540123111557440e-02
2.662662662662662605e+00 3.642388119875605845e-02
2.672672672672672611e+00 3.126169613202267605e-02
2.682682682682682618e+00 2.645849640789921242e-02
2.692692692692692624e+00 2.200393240337117362e-02
2.702702702702702631e+00 1.788765449542317754e-02
2.712712712712712637e+00 1.409931306104028614e-02
2.722722722722722644e+00 1.062855847720678426e-02
2.732732732732732650e+00 7.465041120907067729e-03
2.742742742742742657e+00 4.598411369126753634e-03
2.752752752752752663e+00 2.018319598850903951e-03
2.762762762762762669e+00 -2.855838129359744570e-04
2.772772772772772676e+00 -2.323648489249041660e-03
2.782782782782782682e+00 -4.106224053104567950e-03
2.792792792792792689e+00 -5.643660127516825220e-03
2.802802802802802695e+00 -6.946306335501084561e-03
2.812812812812812702e+00 -8.024512300071839910e-03
2.822822822822822708e+00 -8.888627644245139514e-03
2.832832832832832715e+00 -9.549001991037253667e-03
2.842842842842842721e+00 -1.001598496346112199e-02
2.852852852852852727e+00 -1.029992618453245967e-02
2.862862862862862734e+00 -1.041117527726775904e-02
2.872872872872872740e+00 -1.036008186468118097e-02
2.882882882882882747e+00 -1.015699556978910678e-02
2.892892892892892753e+00 -9.812266015604809155e-03
2.902902902902902760e+00 -9.336242825144891455e-03
2.912912912912912766e+00 -8.739275621423958640e-03
2.922922922922922773e+00 -8.031714027458836114e-03
2.932932932932932779e+00 -7.223907666261686344e-03
2.942942942942942786e+00 -6.326206160850444959e-03
2.952952952952952792e+00 -5.348959134238162605e-03
2.962962962962962798e+00 -4.302516209441664685e-03
2.972972972972972805e+00 -3.197227009476222293e-03
2.982982982982982811e+00 -2.043441157355330162e-03
2.992992992992992818e+00 -8.515082760958136987e-04
3.003003003003002824e+00 3.682683988066134300e-04
3.013013013013012831e+00 1.609174651295755933e-03
3.023023023023022837e+00 2.870579902392087542e-03
3.033033033033032844e+00 4.152442866398579728e-03
3.043043043043042850e+00 5.454722257618203202e-03
3.053053053053052857e+00 6.777376790353930626e-03
3.063063063063062863e+00 8.120365178908734230e-03
3.073073073073072869e+00 9.483646137585583641e-03
3.083083083083082876e+00 1.086717838068745196e-02
3.093093093093092882e+00 1.227092062251730967e-02
3.103103103103102889e+00 1.369483157737812901e-02
3.113113113113112895e+00 1.513886995957288047e-02
3.123123123123122902e+00 1.660299448340453801e-02
3.133133133133132908e+00 1.808716386317606867e-02
3.143143143143142915e+00 1.959133681319044987e-02
3.153153153153152921e+00 2.111547204775065384e-02
3.163163163163162928e+00 2.265952828115964240e-02
3.173173173173172934e+00 2.422346422772039473e-02
3.183183183183182940e+00 2.580723860173587958e-02
3.193193193193192947e+00 2.741081011750907612e-02
3.203203203203202953e+00 2.903413748934294616e-02
3.213213213213213404e+00 3.067717943154053828e-02
3.223223223223223410e+00 3.233989465840467897e-02
3.233233233233233417e+00 3.402224188423840640e-02
3.243243243243243423e+00 3.572417982334469971e-02
3.253253253253253430e+00 3.744566719002653810e-02
3.263263263263263436e+00 3.918666269858687295e-02
3.273273273273273443e+00 4.094712506332868346e-02
3.283283283283283449e+00 4.272701299855494877e-02
3.293293293293293456e+00 4.452628521856864113e-02
3.303303303303303462e+00 4.634490043767270501e-02
3.313313313313313468e+00 4.818281737017016120e-02
3.323323323323323475e+00 5.003999473036393336e-02
3.333333333333333481e+00 5.191639123255701455e-02
3.343343343343343488e+00 5.381196559105238392e-02
3.353353353353353494e+00 5.572667652015300677e-02
3.363363363363363501e+00 5.766048273416184144e-02
3.373373373373373507e+00 5.961334294738186712e-02
3.383383383383383514e+00 6.158521587411606296e-02
3.393393393393393520e+00 6.357606022866739426e-02
3.403403403403403527e+00 6.558583472533885406e-02
3.413413413413413533e+00 6.761449807843336601e-02
3.423423423423423539e+00 6.966200900225393011e-02
3.433433433433433546e+00 7.172832621110353246e-02
3.443443443443443552e+00 7.381340841928511753e-02
3.453453453453453559e+00 7.591721434110168532e-02
3.463463463463463565e+00 7.803970269085618028e-02
3.473473473473473572e+00 8.018083218285158853e-02
3.483483483483483578e+00 8.234056153139086842e-02
3.493493493493493585e+00 8.451884945077700606e-02
3.503503503503503591e+00 8.671565465531297368e-02
3.513513513513513598e+00 8.893093585930171574e-02
3.523523523523523604e+00 9.116465177704624612e-02
3.533533533533533610e+00 9.341676112284950928e-02
3.543543543543543617e+00 9.568722261101450521e-02
3.553553553553553623e+00 9.797599495584413676e-02
3.563563563563563630e+00 1.002830368716414594e-01
3.573573573573573636e+00 1.026083070727093899e-01
3.583583583583583643e+00 1.049517642733509282e-01
3.593593593593593649e+00 1.073133671878690187e-01
3.603603603603603656e+00 1.096930745305666755e-01
3.613613613613613662e+00 1.120908450157468011e-01
3.623623623623623669e+00 1.145066373577124513e-01
3.633633633633633675e+00 1.169404102707665427e-01
3.643643643643643681e+00 1.193921224692120475e-01
3.653653653653653688e+00 1.218617326673519657e-01
3.663663663663663694e+00 1.243491995794892141e-01
3.673673673673673701e+00 1.268544819199268481e-01
3.683683683683683707e+00 1.293775384029677844e-01
3.693693693693693714e+00 1.319183277429150092e-01
3.703703703703703720e+00 1.344768086540714946e-01
3.713713713713713727e+00 1.370529398507401853e-01
3.723723723723723733e+00 1.396466800472240810e-01
3.733733733733733740e+00 1.422579879578261264e-01
3.743743743743743746e+00 1.448868222968493491e-01
3.753753753753753752e+00 1.475331417785966659e-01
3.763763763763763759e+00 1.501969051173710767e-01
3.773773773773773765e+00 1.528780710274755539e-01
3.783783783783783772e+00 1.555765982232130418e-01
3.793793793793793778e+00 1.582924454188865404e-01
3.803803803803803785e+00 1.610255713287989943e-01
3.813813813813813791e+00 1.637759346672534033e-01
3.823823823823823798e+00 1.665434941485527121e-01
3.833833833833833804e+00 1.693282084869999204e-01
3.843843843843843811e+00 1.721300363968980007e-01
3.853853853853853817e+00 1.749489365925498696e-01
3.863863863863863823e+00 1.777848677882586104e-01
3.873873873873873830e+00 1.806377886983270287e-01
3.883883883883883836e+00 1.835076580370582355e-01
3.893893893893893843e+00 1.863944345187551754e-01
3.903903903903903849e+00 1.892980768577207651e-01
3.913913913913913856e+00 1.922185437682580322e-01
3.923923923923923862e+00 1.951557939646699491e-01
3.933933933933933869e+00 1.981097861612594324e-01
3.943943943943943875e+00 2.010804790723295099e-01
3.953953953953953881e+00 2.040678314121831538e-01
3.963963963963963888e+00 2.070718018951232531e-01
3.973973973973973894e+00 2.100923492354528632e-01
3.983983983983983901e+00 2.131294321474749565e-01
3.993993993993993907e+00 2.161830093454924495e-01
4.004004004004004358e+00 2.192530395438085367e-01
4.014014014014014364e+00 2.223394814567258293e-01
4.024024024024024371e+00 2.254422937985474662e-01
4.034034034034034377e+00 2.285614352835764196e-01
4.044044044044044384e+00 2.316968646261156617e-01
4.054054054054054390e+00 2.348485405404681370e-01
4.064064064064064397e+00 2.380164217409368455e-01
4.074074074074074403e+00 2.412004669418247871e-01
4.084084084084084409e+00 2.444006348574349341e-01
4.094094094094094416e+00 2.476168842020701477e-01
4.104104104104104422e+00 2.508491736900335667e-01
4.114114114114114429e+00 2.540974620356279412e-01
4.124124124124124435e+00 2.573617079531565488e-01
4.134134134134134442e+00 2.606418701569220842e-01
4.144144144144144448e+00 2.639379073612276305e-01
4.154154154154154455e+00 2.672497782803762156e-01
4.164164164164164461e+00 2.705774416286706452e-01
4.174174174174174468e+00 2.739208561204140580e-01
4.184184184184184474e+00 2.772799804699093706e-01
4.194194194194194480e+00 2.806547733914595000e-01
4.204204204204204487e+00 2.840451935993674737e-01
4.214214214214214493e+00 2.874511998079363195e-01
4.224224224224224500e+00 2.908727507314688432e-01
4.234234234234234506e+00 2.943098050842681834e-01
4.244244244244244513e+00 2.977623215806372015e-01
4.254254254254254519e+00 3.012302589348789805e-01
4.264264264264264526e+00 3.047135758612963818e-01
4.274274274274274532e+00 3.082122310741923776e-01
4.284284284284284539e+00 3.117261832878699956e-01
4.294294294294294545e+00 3.152553912166322081e-01
4.304304304304304551e+00 3.187998135747819872e-01
4.314314314314314558e+00 3.223594090766223053e-01
4.324324324324324564e+00 3.259341364364560789e-01
4.334334334334334571e+00 3.295239543685863359e-01
4.344344344344344577e+00 3.331288215873159930e-01
4.354354354354354584e+00 3.367486968069480779e-01
4.364364364364364590e+00 3.403835387417855074e-01
4.374374374374374597e+00 3.440333061061313091e-01
4.384384384384384603e+00 3.476979576142884554e-01
4.394394394394394610e+00 3.513774519805598073e-01
4.404404404404404616e+00 3.550717479192485593e-01
4.414414414414414622e+00 3.587808041446575169e-01
4.424424424424424629e+00 3.625045793710895969e-01
4.434434434434434635e+00 3.662430323128479381e-01
4.444444444444444642e+00 3.699961216842353462e-01
4.454454454454454648e+00 3.737638061995550154e-01
4.464464464464464655e+00 3.775460445731096959e-01
4.474474474474474661e+00 3.813427955192024155e-01
4.484484484484484668e+00 3.851540177521362018e-01
4.494494494494494674e+00 3.889796699862140272e-01
4.504504504504504681e+00 3.928197109357388084e-01
4.514514514514514687e+00 3.966740993150135175e-01
4.524524524524524693e+00 4.005427938383411823e-01
4.534534534534534700e+00 4.044257532200247751e-01
4.544544544544544706e+00 4.083229361743671570e-01
4.554554554554554713e+00 4.122343014156714114e-01
4.564564564564564719e+00 4.161598076582404548e-01
4.574574574574574726e+00 4.200994136163773152e-01
4.584584584584584732e+00 4.240530780043849091e-01
4.594594594594594739e+00 4.280207595365662088e-01
4.604604604604604745e+00 4.320024169272242420e-01
4.614614614614614752e+00 4.359980088906619811e-01
4.624624624624624758e+00 4.400074941411822316e-01
4.634634634634634764e+00 4.440308313930881878e-01
4.644644644644644771e+00 4.480679793606827666e-01
4.654654654654654777e+00 4.521188967582688290e-01
4.664664664664664784e+00 4.561835423001494583e-01
4.674674674674674790e+00 4.602618747006275157e-01
4.684684684684684797e+00 4.643538526740060846e-01
4.694694694694694803e+00 4.684594349345881370e-01
4.704704704704704810e+00 4.725785801966764788e-01
4.714714714714714816e+00 4.767112471745743041e-01
4.724724724724724823e+00 4.808573945825844187e-01
4.734734734734734829e+00 4.850169811350099613e-01
4.744744744744744835e+00 4.891899655461537932e-01
4.754754754754754842e+00 4.933763065303187756e-01
4.764764764764764848e+00 4.975759628018081027e-01
4.774774774774774855e+00 5.017888930749245802e-01
4.784784784784784861e+00 5.060150560639713468e-01
4.794794794794794868e+00 5.102544104832511529e-01
4.804804804804804874e+00 5.145069150470671371e-01
4.814814814814814881e+00 5.187725284697221051e-01
4.824824824824824887e+00 5.230512094655193067e-01
4.834834834834834894e+00 5.273429167487615477e-01
4.844844844844844900e+00 5.316476090337517446e-01
4.854854854854854906e+00 5.359652450347929253e-01
4.864864864864864913e+00 5.402957834661881176e-01
4.874874874874874919e+00 5.446391830422401270e-01
4.884884884884884926e+00 5.489954024772520924e-01
4.894894894894894932e+00 5.533644004855269305e-01
4.904904904904904939e+00 5.577461357813675580e-01
4.914914914914914945e+00 5.621405670790771136e-01
4.924924924924924952e+00 5.665476530929585142e-01
4.934934934934934958e+00 5.709673525373144543e-01
4.944944944944944965e+00 5.753996241264481837e-01
4.954954954954954971e+00 5.798444265746627302e-01
4.964964964964964977e+00 5.843017185962608995e-01
4.974974974974974984e+00 5.887714589055457193e-01
4.984984984984984990e+00 5.932536062168201063e-01
4.994994994994994997e+00 5.977481192443870883e-01
5.005005005005005003e+00 6.022549552737722633e-01
5.015015015015015010e+00 6.067740387286224557e-01
5.025025025025025016e+00 6.113052611707051609e-01
5.035035035035035023e+00 6.158485127330113329e-01
5.045045045045045029e+00 6.204036835485309265e-01
5.055055055055055035e+00 6.249706637502546736e-01
5.065065065065065042e+00 6.295493434711728620e-01
5.075075075075075048e+00 6.341396128442760016e-01
5.085085085085085055e+00 6.387413620025546024e-01
5.095095095095095061e+00 6.433544810789990631e-01
5.105105105105105068e+00 6.479788602065998937e-01
5.115115115115115074e+00 6.526143895183474930e-01
5.125125125125125081e+00 6.572609591472321489e-01
5.135135135135135087e+00 6.619184592262445932e-01
5.145145145145145094e+00 6.665867798883751139e-01
5.155155155155155100e+00 6.712658112666141097e-01
5.165165165165165106e+00 6.759554434939523127e-01
5.175175175175175113e+00 6.806555667033797885e-01
5.185185185185185119e+00 6.853660710278872692e-01
5.195195195195195126e+00 6.900868466004650426e-01
5.205205205205205132e+00 6.948177835541036185e-01
5.215215215215215139e+00 6.995587720217936178e-01
5.225225225225225145e+00 7.043097021365249955e-01
5.235235235235235152e+00 7.090704640312888163e-01
5.245245245245245158e+00 7.138409478390751461e-01
5.255255255255255165e+00 7.186210436928744949e-01
5.265265265265265171e+00 7.234106417256773724e-01
5.275275275275275177e+00 7.282096320704740666e-01
5.285285285285285184e+00 7.330179048602553094e-01
5.295295295295295190e+00 7.378353502280114995e-01
5.305305305305305197e+00 7.426618583067327029e-01
5.315315315315315203e+00 7.474973192294097624e-01
5.325325325325325210e+00 7.523416231290330769e-01
5.335335335335335216e+00 7.571946601385929343e-01
5.345345345345345223e+00 7.620563203910800665e-01
5.355355355355355229e+00 7.669264940194846503e-01
5.365365365365365236e+00 7.718050711567973066e-01
5.375375375375375242e+00 7.766919419360082122e-01
5.385385385385385248e+00 7.815869964901082101e-01
5.395395395395395255e+00 7.864901249520874771e-01
5.405405405405405261e+00 7.914012174549364120e-01
5.415415415415415268e+00 7.963201641316455248e-01
5.425425425425425274e+00 8.012468551152055474e-01
5.435435435435435281e+00 8.061811805386066565e-01
5.445445445445445287e+00 8.111230305348392511e-01
5.455455455455455294e+00 8.160722952368940630e-01
5.465465465465465300e+00 8.210288647777611581e-01
5.475475475475475307e+00 8.259926292904313794e-01
5.485485485485485313e+00 8.309634789078947925e-01
5.495495495495495319e+00 8.359413037631422405e-01
5.505505505505505326e+00 8.409259939891637892e-01
5.515515515515515332e+00 8.459174397189500594e-01
5.525525525525525339e+00 8.509155310854916721e-01
5.535535535535535345e+00 8.559201582217788040e-01
5.545545545545545352e+00 8.609312112608019651e-01
5.555555555555555358e+00 8.659485803355517763e-01
5.565565565565565365e+00 8.709721555790184144e-01
5.575575575575575371e+00 8.760018271241926113e-01
5.585585585585585378e+00 8.810374851040646549e-01
5.595595595595595384e+00 8.860790196516249440e-01
5.605605605605605390e+00 8.911263208998639884e-01
5.615615615615615397e+00 8.961792789817724092e-01
5.625625625625625403e+00 9.012377840303404941e-01
5.635635635635635410e+00 9.063017261785586420e-01
5.645645645645645416e+00 9.113709955594172518e-01
5.655655655655655423e+00 9.164454823059070554e-01
5.665665665665665429e+00 9.215250765510181186e-01
5.675675675675675436e+00 9.266096684277411732e-01
5.685685685685685442e+00 9.316991480690667293e-01
5.695695695695695449e+00 9.367934056079849636e-01
5.705705705705705455e+00 9.418923311774864970e-01
5.715715715715715461e+00 9.469958149105618395e-01
5.725725725725725468e+00 9.521037469402011677e-01
5.735735735735735474e+00 9.572160173993952137e-01
5.745745745745745481e+00 9.623325164211343763e-01
5.755755755755755487e+00 9.674531341384090544e-01
5.765765765765765494e+00 9.725777606842094247e-01
5.775775775775775500e+00 9.777062861915265524e-01
5.785785785785785507e+00 9.828386007933503921e-01
5.795795795795795513e+00 9.879745946226714537e-01
5.805805805805805520e+00 9.931141578124804692e-01
5.815815815815815526e+00 9.982571804957675043e-01
5.825825825825825532e+00 1.003403552805523180e+00
5.835835835835835539e+00 1.008553164874738117e+00
5.845845845845845545e+00 1.013705906836402493e+00
5.855855855855855552e+00 1.018861668823506816e+00
5.865865865865865558e+00 1.024020340969041598e+00
5.875875875875875565e+00 1.029181813405997570e+00
5.885885885885885571e+00 1.034345976267364797e+00
5.895895895895895578e+00 1.039512719686133568e+00
5.905905905905905584e+00 1.044681933795294837e+00
5.915915915915915591e+00 1.049853508727838891e+00
5.925925925925925597e+00 1.055027334616755796e+00
5.935935935935935603e+00 1.060203301595036063e+00
5.945945945945945610e+00 1.065381299795670866e+00
5.955955955955955616e+00 1.070561219351650051e+00
5.965965965965965623e+00 1.075742950395964126e+00
5.975975975975975629e+00 1.080926383061603824e+00
5.985985985985985636e+00 1.086111407481559210e+00
5.995995995995995642e+00 1.091297913788820573e+00
6.006006006006005649e+00 1.096485792116378866e+00
6.016016016016015655e+00 1.101674932597224599e+00
6.026026026026025662e+00 1.106865225364347616e+00
6.036036036036035668e+00 1.112056560550738871e+00
6.046046046046045674e+00 1.117248828289388873e+00
6.056056056056055681e+00 1.122441918713287468e+00
6.066066066066065687e+00 1.127635721955425607e+00
6.076076076076075694e+00 1.132830128148794024e+00
6.086086086086085700e+00 1.138025027426382119e+00
6.096096096096095707e+00 1.143220309921181510e+00
6.106106106106105713e+00 1.148415865766182042e+00
6.116116116116115720e+00 1.153611585094374004e+00
6.126126126126125726e+00 1.158807358038748569e+00
6.136136136136135732e+00 1.164003074732295362e+00
6.146146146146145739e+00 1.169198625308005113e+00
6.156156156156155745e+00 1.174393899898868776e+00
6.166166166166165752e+00 1.179588788637875973e+00
6.176176176176175758e+00 1.184783181658017437e+00
6.186186186186185765e+00 1.189976969092284120e+00
6.196196196196195771e+00 1.195170041073665868e+00
6.206206206206205778e+00 1.200362287735153410e+00
6.216216216216215784e+00 1.205553599209737037e+00
6.226226226226225791e+00 1.210743865630407257e+00
6.236236236236235797e+00 1.215932977130154580e+00
6.246246246246245803e+00 1.221120823841969738e+00
6.256256256256255810e+00 1.226307295898842353e+00
6.266266266266265816e+00 1.231492283433763824e+00
6.276276276276275823e+00 1.236675676579723993e+00
6.286286286286285829e+00 1.241857365469713148e+00
6.296296296296295836e+00 1.247037240236722466e+00
6.306306306306305842e+00 1.252215191013742235e+00
6.316316316316315849e+00 1.257391107933762076e+00
6.326326326326325855e+00 1.262564881129773386e+00
6.336336336336335862e+00 1.267736400734766233e+00
6.346346346346345868e+00 1.272905556881730904e+00
6.356356356356355874e+00 1.278072239703658131e+00
6.366366366366365881e+00 1.283236339333538645e+00
6.376376376376375887e+00 1.288397745904361846e+00
6.386386386386385894e+00 1.293556349549119355e+00
6.396396396396395900e+00 1.298712040400801015e+00
6.406406406406405907e+00 1.303864708592397115e+00
6.416416416416416801e+00 1.309014244256899051e+00
6.426426426426426808e+00 1.314160537527296224e+00
6.436436436436436814e+00 1.319303478536579366e+00
6.446446446446446821e+00 1.324442957417738986e+00
6.456456456456456827e+00 1.329578864303765817e+00
6.466466466466466834e+00 1.334711089327649702e+00
6.476476476476476840e+00 1.339839522622381596e+00
6.486486486486486847e+00 1.344964054320951563e+00
6.496496496496496853e+00 1.350084574556350558e+00
6.506506506506506859e+00 1.355200973461568870e+00
6.516516516516516866e+00 1.360313141169596562e+00
6.526526526526526872e+00 1.365420967813424369e+00
6.536536536536536879e+00 1.370524343526043021e+00
6.546546546546546885e+00 1.375623158440442140e+00
6.556556556556556892e+00 1.380717302689612902e+00
6.566566566566566898e+00 1.385806666406545817e+00
6.576576576576576905e+00 1.390891139724230952e+00
6.586586586586586911e+00 1.395970612775658815e+00
6.596596596596596918e+00 1.401044975693820138e+00
6.606606606606606924e+00 1.406114118611704766e+00
6.616616616616616930e+00 1.411177931662303653e+00
6.626626626626626937e+00 1.416236304978607308e+00
6.636636636636636943e+00 1.421289128693605797e+00
6.646646646646646950e+00 1.426336292940289852e+00
6.656656656656656956e+00 1.431377687851649982e+00
6.666666666666666963e+00 1.436413203560676255e+00
6.676676676676676969e+00 1.441442730200359623e+00
6.686686686686686976e+00 1.446466157903690153e+00
6.696696696696696982e+00 1.451483376803658354e+00
6.706706706706706989e+00 1.456494277033254958e+00
6.716716716716716995e+00 1.461498748725470032e+00
6.726726726726727001e+00 1.466496682013294084e+00
6.736736736736737008e+00 1.471487967029717847e+00
6.746746746746747014e+00 1.476472493907731609e+00
6.756756756756757021e+00 1.481450152780325435e+00
6.766766766766767027e+00 1.486420833780490725e+00
6.776776776776777034e+00 1.491384427041216876e+00
6.786786786786787040e+00 1.496340822695494843e+00
6.796796796796797047e+00 1.501289910876315581e+00
6.806806806806807053e+00 1.506231581716668488e+00
6.816816816816817060e+00 1.511165725349544520e+00
6.826826826826827066e+00 1.516092231907934407e+00
6.836836836836837072e+00 1.521010991524827993e+00
6.846846846846847079e+00 1.525921894333216455e+00
6.856856856856857085e+00 1.530824830466089637e+00
6.866866866866867092e+00 1.535719690056437825e+00
6.876876876876877098e+00 1.540606363237252197e+00
6.886886886886887105e+00 1.545484740141523039e+00
6.896896896896897111e+00 1.550354710902240196e+00
6.906906906906907118e+00 1.555216165652394622e+00
6.916916916916917124e+00 1.560068994524977048e+00
6.926926926926927131e+00 1.564913087652976875e+00
6.936936936936937137e+00 1.569748335169385500e+00
6.946946946946947143e+00 1.574574627207193434e+00
6.956956956956957150e+00 1.579391853899390297e+00
6.966966966966967156e+00 1.584199905378967266e+00
6.976976976976977163e+00 1.588998671778914407e+00
6.986986986986987169e+00 1.593788043232222451e+00
6.996996996996997176e+00 1.598567909871881687e+00
7.007007007007007182e+00 1.603338169792372314e+00
7.017017017017017189e+00 1.608098803279529365e+00
7.027027027027027195e+00 1.612849839107677319e+00
7.037037037037037202e+00 1.617591306677847118e+00
7.047047047047047208e+00 1.622323235391069485e+00
7.057057057057057214e+00 1.627045654648374917e+00
7.067067067067067221e+00 1.631758593850794137e+00
7.077077077077077227e+00 1.636462082399358531e+00
7.087087087087087234e+00 1.641156149695097710e+00
7.097097097097097240e+00 1.645840825139043284e+00
7.107107107107107247e+00 1.650516138132225530e+00
7.117117117117117253e+00 1.655182118075675612e+00
7.127127127127127260e+00 1.659838794370423587e+00
7.137137137137137266e+00 1.664486196417500841e+00
7.147147147147147273e+00 1.669124353617937651e+00
7.157157157157157279e+00 1.673753295372765182e+00
7.167167167167167285e+00 1.678373051083013712e+00
7.177177177177177292e+00 1.682983650149713961e+00
7.187187187187187298e+00 1.687585121973897095e+00
7.197197197197197305e+00 1.692177495956593614e+00
7.207207207207207311e+00 1.696760801498834015e+00
7.217217217217217318e+00 1.701335068001649242e+00
7.227227227227227324e+00 1.705900324866070017e+00
7.237237237237237331e+00 1.710456601493127060e+00
7.247247247247247337e+00 1.715003927283851315e+00
7.257257257257257343e+00 1.719542331639272836e+00
7.267267267267267350e+00 1.724071843960423012e+00
7.277277277277277356e+00 1.728592493648332340e+00
7.287287287287287363e+00 1.733104310104031320e+00
7.297297297297297369e+00 1.737607322728551340e+00
7.307307307307307376e+00 1.742101560922922454e+00
7.317317317317317382e+00 1.746587054088175384e+00
7.327327327327327389e+00 1.751063831625341516e+00
7.337337337337337395e+00 1.755531922935451128e+00
7.347347347347347402e+00 1.759991357419534719e+00
7.357357357357357408e+00 1.764442164478623010e+00
7.367367367367367414e+00 1.768884373513747388e+00
7.377377377377377421e+00 1.773318013925938130e+00
7.387387387387387427e+00 1.777743115116225958e+00
7.397397397397397434e+00 1.782159706485641371e+00
7.407407407407407440e+00 1.786567817435215755e+00
7.417417417417417447e+00 1.790967477365979166e+00
7.427427427427427453e+00 1.795358715678962547e+00
7.437437437437437460e+00 1.799741561775197063e+00
7.447447447447447466e+00 1.804116045055712769e+00
7.457457457457457473e+00 1.808482194921540609e+00
7.467467467467467479e+00 1.812840040773711303e+00
7.477477477477477485e+00 1.817189612013256017e+00
7.487487487487487492e+00 1.821530938041205028e+00
7.497497497497497498e+00 1.825864048258588834e+00
7.507507507507507505e+00 1.830188972066438824e+00
7.517517517517517511e+00 1.834505738865785274e+00
7.527527527527527518e+00 1.838814378057658683e+00
7.537537537537537524e+00 1.843114919043090216e+00
7.547547547547547531e+00 1.847407391223110373e+00
7.557557557557557537e+00 1.851691823998750541e+00
7.567567567567567544e+00 1.855968246771040331e+00
7.577577577577577550e+00 1.860236688941011352e+00
7.587587587587587556e+00 1.864497179909693658e+00
7.597597597597597563e+00 1.868749749078118416e+00
7.607607607607607569e+00 1.872994425847316347e+00
7.617617617617617576e+00 1.877231239618317948e+00
7.627627627627627582e+00 1.881460219792154387e+00
7.637637637637637589e+00 1.885681395769855717e+00
7.647647647647647595e+00 1.889894796952453104e+00
7.657657657657657602e+00 1.894100452740977270e+00
7.667667667667667608e+00 1.898298392536458712e+00
7.677677677677677615e+00 1.902488645739928375e+00
7.687687687687687621e+00 1.906671241752416979e+00
7.697697697697697627e+00 1.910846209974955245e+00
7.707707707707707634e+00 1.915013579808573452e+00
7.717717717717717640e+00 1.919173380654302985e+00
7.727727727727727647e+00 1.923325641913174344e+00
7.737737737737737653e+00 1.927470392986218028e+00
7.747747747747747660e+00 1.931607663274464759e+00
7.757757757757757666e+00 1.935737482178945923e+00
7.767767767767767673e+00 1.939859879100691575e+00
7.777777777777777679e+00 1.943974883440732437e+00
7.787787787787787686e+00 1.948082524600099452e+00
7.797797797797797692e+00 1.952182831979823563e+00
7.807807807807807698e+00 1.956275834980934825e+00
7.817817817817817705e+00 1.960361563004464625e+00
7.827827827827827711e+00 1.964440045451443240e+00
7.837837837837837718e+00 1.968511311722901835e+00
7.847847847847847724e+00 1.972575391219870911e+00
7.857857857857857731e+00 1.976632313343381631e+00
7.867867867867867737e+00 1.980682107494463606e+00
7.877877877877877744e+00 1.984724803074148225e+00
7.887887887887887750e+00 1.988760429483466208e+00
7.897897897897897757e+00 1.992789016123448276e+00
7.907907907907907763e+00 1.996810592395125372e+00
7.917917917917917769e+00 2.000825187699528218e+00
7.927927927927927776e+00 2.004832831437687091e+00
7.937937937937937782e+00 2.008833553010632933e+00
7.947947947947947789e+00 2.012827381819396688e+00
7.957957957957957795e+00 2.016814347265008411e+00
7.967967967967967802e+00 2.020794478748499490e+00
7.977977977977977808e+00 2.024767805670900422e+00
7.987987987987987815e+00 2.028734357433242153e+00
7.997997997997997821e+00 2.032694163436555623e+00
8.008008008008008716e+00 2.036647253081870890e+00
8.018018018018018722e+00 2.040593655770218451e+00
8.028028028028028729e+00 2.044533400902629694e+00
8.038038038038038735e+00 2.048466517880135118e+00
8.048048048048048742e+00 2.052393036103765667e+00
8.058058058058058748e+00 2.056312984974551838e+00
8.068068068068068754e+00 2.060226393893525021e+00
8.078078078078078761e+00 2.064133292261714825e+00
8.088088088088088767e+00 2.068033709480152638e+00
8.098098098098098774e+00 2.071927674949868514e+00
8.108108108108108780e+00 2.075815218071894286e+00
8.118118118118118787e+00 2.079696368247260008e+00
8.128128128128128793e+00 2.083571154876996179e+00
8.138138138138138800e+00 2.087439607362133742e+00
8.148148148148148806e+00 2.091301755103704085e+00
8.158158158158158813e+00 2.095157627502736819e+00
8.168168168168168819e+00 2.099007253960263775e+00
8.178178178178178825e+00 2.102850663877314563e+00
8.188188188188188832e+00 2.106687886654921016e+00
8.198198198198198838e+00 2.110518951694112744e+00
8.208208208208208845e+00 2.114343888395921134e+00
8.218218218218218851e+00 2.118162726161377574e+00
8.228228228228228858e+00 2.121975494391511230e+00
8.238238238238238864e+00 2.125782222487353934e+00
8.248248248248248871e+00 2.129582939849935741e+00
8.258258258258258877e+00 2.133377675880287594e+00
8.268268268268268884e+00 2.137166459979440880e+00
8.278278278278278890e+00 2.140949321548426099e+00
8.288288288288288896e+00 2.144726289988273304e+00
8.298298298298298903e+00 2.148497394700013885e+00
8.308308308308308909e+00 2.152262665084677451e+00
8.318318318318318916e+00 2.156022130543295834e+00
8.328328328328328922e+00 2.159775820476899977e+00
8.338338338338338929e+00 2.163523764286519491e+00
8.348348348348348935e+00 2.167265991373186207e+00
8.358358358358358942e+00 2.171002531137930180e+00
8.368368368368368948e+00 2.174733412981781910e+00
8.378378378378378954e+00 2.178458666305773228e+00
8.388388388388388961e+00 2.182178320510934189e+00
8.398398398398398967e+00 2.185892404998294847e+00
8.408408408408408974e+00 2.189600949168887034e+00
8.418418418418418980e+00 2.193303982423740361e+00
8.428428428428428987e+00 2.197001534163887548e+00
8.438438438438438993e+00 2.200693633790356429e+00
8.448448448448449000e+00 2.204380310704180168e+00
8.458458458458459006e+00 2.208061594306388375e+00
8.468468468468469013e+00 2.211737513998011551e+00
8.478478478478479019e+00 2.215408099180081525e+00
8.488488488488489025e+00 2.219073379253627909e+00
8.498498498498499032e+00 2.222733383619682535e+00
8.508508508508509038e+00 2.226388141679274124e+00
8.518518518518519045e+00 2.230037682833436286e+00
8.528528528528529051e+00 2.233682036483197741e+00
8.538538538538539058e+00 2.237321232029589435e+00
8.548548548548549064e+00 2.240955298873641865e+00
8.558558558558559071e+00 2.244584266416386864e+00
8.568568568568569077e+00 2.248208164058854930e+00
8.578578578578579084e+00 2.251827021202075230e+00
8.588588588588589090e+00 2.255440867247080483e+00
8.598598598598599096e+00 2.259049731594900745e+00
8.608608608608609103e+00 2.262653643646566071e+00
8.618618618618619109e+00 2.266252632803107403e+00
8.628628628628629116e+00 2.269846728465555685e+00
8.638638638638639122e+00 2.273435960034942749e+00
8.648648648648649129e+00 2.277020356912296872e+00
8.658658658658659135e+00 2.280599948498651663e+00
8.668668668668669142e+00 2.284174764195035401e+00
8.678678678678679148e+00 2.287744833402479916e+00
8.688688688688689155e+00 2.291310185522016152e+00
8.698698698698699161e+00 2.294870849954674163e+00
8.708708708708709167e+00 2.298426856101484894e+00
8.718718718718719174e+00 2.301978233363479287e+00
8.728728728728729180e+00 2.305525011141688285e+00
8.738738738738739187e+00 2.309067218837141500e+00
8.748748748748749193e+00 2.312604885850870762e+00
8.758758758758759200e+00 2.316138041583906571e+00
8.768768768768769206e+00 2.319666715437278981e+00
8.778778778778779213e+00 2.323190936812020269e+00
8.788788788788789219e+00 2.326710735109159156e+00
8.798798798798799226e+00 2.330226139729728363e+00
8.808808808808809232e+00 2.333737180074757056e+00
8.818818818818819238e+00 2.337243885545276179e+00
8.828828828828829245e+00 2.340746285542317562e+00
8.838838838838839251e+00 2.344244409466910373e+00
8.848848848848849258e+00 2.347738286720086887e+00
8.858858858858859264e+00 2.351227946702876270e+00
8.868868868868869271e+00 2.354713418816311243e+00
8.878878878878879277e+00 2.358194732461420973e+00
8.888888888888889284e+00 2.361671917039235513e+00
8.898898898898899290e+00 2.365145001950787584e+00
8.908908908908909297e+00 2.368614016597106353e+00
8.918918918918919303e+00 2.372078990379223651e+00
8.928928928928929309e+00 2.375539952698169532e+00
8.938938938938939316e+00 2.378996932954975385e+00
8.948948948948949322e+00 2.382449960550670820e+00
8.958958958958959329e+00 2.385899064886287668e+00
8.968968968968969335e+00 2.389344275362855541e+00
8.978978978978979342e+00 2.392785621381405825e+00
8.988988988988989348e+00 2.396223132342969464e+00
8.998998998998999355e+00 2.399656837648576957e+00
9.009009009009009361e+00 2.403086762186974479e+00
9.019019019019019368e+00 2.406512906440958055e+00
9.029029029029029374e+00 2.409935262679603785e+00
9.039039039039039380e+00 2.413353823165798495e+00
9.049049049049049387e+00 2.416768580162428570e+00
9.059059059059059393e+00 2.420179525932380837e+00
9.069069069069069400e+00 2.423586652738542568e+00
9.079079079079079406e+00 2.426989952843798815e+00
9.089089089089089413e+00 2.430389418511037736e+00
9.099099099099099419e+00 2.433785042003146160e+00
9.109109109109109426e+00 2.437176815583008693e+00
9.119119119119119432e+00 2.440564731513513941e+00
9.129129129129129439e+00 2.443948782057548730e+00
9.139139139139139445e+00 2.447328959477998112e+00
9.149149149149149451e+00 2.450705256037749358e+00
9.159159159159159458e+00 2.454077663999690184e+00
9.169169169169169464e+00 2.457446175626706086e+00
9.179179179179179471e+00 2.460810783181683448e+00
9.189189189189189477e+00 2.464171478927509984e+00
9.199199199199199484e+00 2.467528255127072079e+00
9.209209209209209490e+00 2.470881104043255228e+00
9.219219219219219497e+00 2.474230017938948034e+00
9.229229229229229503e+00 2.477574989077035994e+00
9.239239239239239510e+00 2.480916009720405047e+00
9.249249249249249516e+00 2.484253072131943352e+00
9.259259259259259522e+00 2.487586168574537293e+00
9.269269269269269529e+00 2.490915291311071922e+00
9.279279279279279535e+00 2.494240432604435842e+00
9.289289289289289542e+00 2.497561584717515437e+00
9.299299299299299548e+00 2.500878739913196647e+00
9.309309309309309555e+00 2.504191890454365410e+00
9.319319319319319561e+00 2.507501028603910331e+00
9.329329329329329568e+00 2.510806146624716906e+00
9.339339339339339574e+00 2.514107236779671517e+00
9.349349349349349581e+00 2.517404291331661437e+00
9.359359359359359587e+00 2.520697302543573048e+00
9.369369369369369593e+00 2.523986262678293180e+00
9.379379379379379600e+00 2.527271163998708658e+00
9.389389389389389606e+00 2.530551998767705424e+00
9.399399399399399613e+00 2.533828759248170748e+00
9.409409409409409619e+00 2.537101437702990570e+00
9.419419419419419626e+00 2.540370026395053049e+00
9.429429429429429632e+00 2.543634517587243238e+00
9.439439439439439639e+00 2.546894903542447963e+00
9.449449449449449645e+00 2.550151176523554941e+00
9.459459459459459651e+00 2.553403328793450111e+00
9.469469469469469658e+00 2.556651352615020301e+00
9.479479479479479664e+00 2.559895240251151893e+00
9.489489489489489671e+00 2.563134983964731717e+00
9.499499499499499677e+00 2.566370576018645711e+00
9.509509509509509684e+00 2.569602008675782034e+00
9.519519519519519690e+00 2.572829274199026628e+00
9.529529529529529697e+00 2.576052364851265875e+00
9.539539539539539703e+00 2.579271272895386602e+00
9.549549549549549710e+00 2.582485990594275638e+00
9.559559559559559716e+00 2.585696510210818921e+00
9.569569569569569722e+00 2.588902824007903725e+00
9.579579579579579729e+00 2.592104924248416875e+00
9.589589589589589735e+00 2.595302803195244756e+00
9.599599599599599742e+00 2.598496453111273752e+00
9.609609609609609748e+00 2.601685866259391577e+00
9.619619619619619755e+00 2.604871034902483729e+00
9.629629629629629761e+00 2.608051951303436589e+00
9.639639639639639768e+00 2.611228607725137874e+00
9.649649649649649774e+00 2.614400996430473967e+00
9.659659659659659781e+00 2.617569109682331252e+00
9.669669669669669787e+00 2.620732939743596113e+00
9.679679679679679793e+00 2.623892478877155821e+00
9.689689689689689800e+00 2.627047719345897203e+00
9.699699699699699806e+00 2.630198653412705756e+00
9.709709709709709813e+00 2.633345273340469639e+00
9.719719719719719819e+00 2.636487571392074347e+00
9.729729729729729826e+00 2.639625539830406709e+00
9.739739739739739832e+00 2.642759170918353995e+00
9.749749749749749839e+00 2.645888456918802145e+00
9.759759759759759845e+00 2.649013390094637987e+00
9.769769769769769852e+00 2.652133962708748349e+00
9.779779779779779858e+00 2.655250167024020058e+00
9.789789789789789864e+00 2.658361995303339054e+00
9.799799799799799871e+00 2.661469439809593052e+00
9.809809809809809877e+00 2.664572492805667991e+00
9.819819819819819884e+00 2.667671146554450257e+00
9.829829829829829890e+00 2.670765393318827563e+00
9.839839839839839897e+00 2.673855225361685406e+00
9.849849849849849903e+00 2.676940634945911057e+00
9.859859859859859910e+00 2.680021614334390900e+00
9.869869869869869916e+00 2.683098155790011763e+00
9.879879879879879923e+00 2.686170251575660473e+00
9.889889889889889929e+00 2.689237893954222969e+00
9.899899899899899935e+00 2.692301075188586967e+00
9.909909909909909942e+00 2.695359787541638408e+00
9.919919919919919948e+00 2.698414023276264118e+00
9.929929929929929955e+00 2.701463774655350036e+00
9.939939939939939961e+00 2.704509033941784324e+00
9.949949949949949968e+00 2.707549793398452476e+00
9.959959959959959974e+00 2.710586045288241319e+00
9.969969969969969981e+00 2.713617781874037682e+00
9.979979979979979987e+00 2.716644995418728836e+00
9.989989989989989994e+00 2.719667678185199833e+00
1.000000000000000000e+01 2.722685822436338832e+00
1.001001001001001001e+01 2.725699420435031328e+00
1.002002002002002001e+01 2.728708464444165038e+00
1.003003003003003002e+01 2.731712946726625901e+00
1.004004004004004003e+01 2.734712859545301189e+00
1.005005005005005003e+01 2.737708195163076841e+00
1.006006006006006004e+01 2.740698945842840129e+00
1.007007007007007005e+01 2.743685103847477436e+00
1.008008008008008005e+01 2.746666661439875146e+00
1.009009009009009006e+01 2.749643610882920530e+00
1.010010010010010006e+01 2.752615944439499529e+00
1.011011011011011007e+01 2.755583654372498970e+00
1.012012012012012008e+01 2.758546732944805679e+00
1.013013013013013008e+01 2.761505172419306930e+00
1.014014014014014009e+01 2.764458965058888662e+00
1.015015015015015010e+01 2.767408103126436814e+00
1.016016016016016010e+01 2.770352578884839545e+00
1.017017017017017011e+01 2.773292384596982796e+00
1.018018018018018012e+01 2.776227512525752950e+00
1.019019019019019012e+01 2.779157954934036390e+00
1.020020020020020013e+01 2.782083704084721276e+00
1.021021021021021014e+01 2.785004752240693104e+00
1.022022022022022014e+01 2.787921091664837814e+00
1.023023023023023015e+01 2.790832714620044008e+00
1.024024024024024015e+01 2.793739613369197183e+00
1.025025025025025016e+01 2.796641780175182834e+00
1.026026026026026017e+01 2.799539207300890009e+00
1.027027027027027017e+01 2.802431887009204203e+00
1.028028028028028018e+01 2.805319811563011800e+00
1.029029029029029019e+01 2.808202973225200072e+00
1.030030030030030019e+01 2.811081364258654514e+00
1.031031031031031020e+01 2.813954976926262841e+00
1.032032032032032021e+01 2.816823803490912326e+00
1.033033033033033021e+01 2.819687836215488019e+00
1.034034034034034022e+01 2.822547067362877193e+00
1.035035035035035023e+01 2.825401489195966676e+00
1.036036036036036023e+01 2.828251093977643738e+00
1.037037037037037024e+01 2.831095873970793875e+00
1.038038038038038025e+01 2.833935821438303915e+00
1.039039039039039025e+01 2.836770928643061129e+00
1.040040040040040026e+01 2.839601187847951902e+00
1.041041041041041026e+01 2.842426591315862172e+00
1.042042042042042027e+01 2.845247131309679656e+00
1.043043043043043028e+01 2.848062800092291180e+00
1.044044044044044028e+01 2.850873589926582241e+00
1.045045045045045029e+01 2.853679493075440110e+00
1.046046046046046030e+01 2.856480501801751171e+00
1.047047047047047030e+01 2.859276608368402695e+00
1.048048048048048031e+01 2.862067805038280621e+00
1.049049049049049032e+01 2.864854084074271778e+00
1.050050050050050032e+01 2.867635437739263438e+00
1.051051051051051033e+01 2.870411858296141094e+00
1.052052052052052034e+01 2.873183338007792909e+00
1.053053053053053034e+01 2.875949869137103931e+00
1.054054054054054035e+01 2.878711443946961879e+00
1.055055055055055035e+01 2.881468054700253134e+00
1.056056056056056036e+01 2.884219693659864081e+00
1.057057057057057037e+01 2.886966353088681991e+00
1.058058058058058037e+01 2.889708025249593248e+00
1.059059059059059038e+01 2.892444702405483792e+00
1.060060060060060039e+01 2.895176376819240893e+00
1.061061061061061039e+01 2.897903040753751380e+00
1.062062062062062040e+01 2.900624686471901637e+00
1.063063063063063041e+01 2.903341306236578490e+00
1.064064064064064041e+01 2.906052892310668767e+00
1.065065065065065042e+01 2.908759436957057964e+00
1.066066066066066043e+01 2.911460932438634686e+00
1.067067067067067043e+01 2.914157371018283094e+00
1.068068068068068044e+01 2.916848744958892237e+00
1.069069069069069045e+01 2.919535046523348054e+00
1.070070070070070045e+01 2.922216267974536485e+00
1.071071071071071046e+01 2.924892401575344358e+00
1.072072072072072046e+01 2.927563439588658500e+00
1.073073073073073047e+01 2.930229374277366183e+00
1.074074074074074048e+01 2.932890197904352902e+00
1.075075075075075048e+01 2.935545902732506374e+00
1.076076076076076049e+01 2.938196481024712980e+00
1.077077077077077050e+01 2.940841925043858218e+00
1.078078078078078050e+01 2.943482227052830691e+00
1.079079079079079051e+01 2.946117379314515450e+00
1.080080080080080052e+01 2.948747374091799767e+00
1.081081081081081052e+01 2.951372203647570913e+00
1.082082082082082053e+01 2.953991860244714385e+00
1.083083083083083054e+01 2.956606336146117453e+00
1.084084084084084054e+01 2.959215623614666502e+00
1.085085085085085055e+01 2.961819714913248802e+00
1.086086086086086056e+01 2.964418602304749850e+00
1.087087087087087056e+01 2.967012278052057805e+00
1.088088088088088057e+01 2.969600734418058163e+00
1.089089089089089057e+01 2.972183963665637751e+00
1.090090090090090058e+01 2.974761958057683842e+00
1.091091091091091059e+01 2.977334709857082817e+00
1.092092092092092059e+01 2.979902211326720618e+00
1.093093093093093060e+01 2.982464454729484515e+00
1.094094094094094061e+01 2.985021432328260893e+00
1.095095095095095061e+01 2.987573136385937023e+00
1.096096096096096062e+01 2.990119559165399288e+00
1.097097097097097063e+01 2.992660692929533628e+00
1.098098098098098063e+01 2.995196529941227315e+00
1.099099099099099064e+01 2.997727062463367620e+00
1.100100100100100065e+01 3.000252282760386802e+00
1.101101101101101065e+01 3.002772185150150541e+00
1.102102102102102066e+01 3.005286770052009615e+00
1.103103103103103066e+01 3.007796039013387102e+00
1.104104104104104067e+01 3.010299993581705635e+00
1.105105105105105068e+01 3.012798635304386963e+00
1.106106106106106068e+01 3.015291965728855050e+00
1.107107107107107069e+01 3.017779986402532089e+00
1.108108108108108070e+01 3.020262698872839824e+00
1.109109109109109070e+01 3.022740104687202223e+00
1.110110110110110071e+01 3.025212205393041476e+00
1.111111111111111072e+01 3.027679002537780217e+00
1.112112112112112072e+01 3.030140497668841970e+00
1.113113113113113073e+01 3.032596692333647148e+00
1.114114114114114074e+01 3.035047588079621050e+00
1.115115115115115074e+01 3.037493186454184535e+00
1.116116116116116075e+01 3.039933489004761125e+00
1.117117117117117076e+01 3.042368497278773010e+00
1.118118118118118076e+01 3.044798212823643269e+00
1.119119119119119077e+01 3.047222637186794536e+00
1.120120120120120077e+01 3.049641771915649002e+00
1.121121121121121078e+01 3.052055618557630190e+00
1.122122122122122079e+01 3.054464178660160290e+00
1.123123123123123079e+01 3.056867453770661491e+00
1.124124124124124080e+01 3.059265445436557318e+00
1.125125125125125081e+01 3.061658155205269516e+00
1.126126126126126081e+01 3.064045584624221608e+00
1.127127127127127082e+01 3.066427735240835784e+00
1.128128128128128083e+01 3.068804608602535122e+00
1.129129129129129083e+01 3.071176206256742258e+00
1.130130130130130084e+01 3.073542529750878938e+00
1.131131131131131085e+01 3.075903580632369572e+00
1.132132132132132085e+01 3.078259360448635018e+00
1.133133133133133086e+01 3.080609870747098800e+00
1.134134134134134086e+01 3.082955113075183551e+00
1.135135135135135087e+01 3.085295088980311906e+00
1.136136136136136088e+01 3.087629800009906944e+00
1.137137137137137088e+01 3.089959247711390411e+00
1.138138138138138089e+01 3.092283433632185385e+00
1.139139139139139090e+01 3.094602359319715390e+00
1.140140140140140090e+01 3.096916026321401727e+00
1.141141141141141091e+01 3.099224436184667919e+00
1.142142142142142092e+01 3.101527590456936156e+00
1.143143143143143092e+01 3.103825490685629518e+00
1.144144144144144093e+01 3.106118138418170194e+00
1.145145145145145094e+01 3.108405535201981262e+00
1.146146146146146094e+01 3.110687682584485358e+00
1.147147147147147095e+01 3.112964582113106005e+00
1.148148148148148096e+01 3.115236235335263615e+00
1.149149149149149096e+01 3.117502643798383044e+00
1.150150150150150097e+01 3.119763809049885595e+00
1.151151151151151097e+01 3.122019732637195233e+00
1.152152152152152098e+01 3.124270416107732817e+00
1.153153153153153099e+01 3.126515861008922759e+00
1.154154154154154099e+01 3.128756068888186803e+00
1.155155155155155100e+01 3.130991041292947585e+00
1.156156156156156101e+01 3.133220779770628628e+00
1.157157157157157101e+01 3.135445285868651677e+00
1.158158158158158102e+01 3.137664561134439811e+00
1.159159159159159103e+01 3.139878607115415665e+00
1.160160160160160103e+01 3.142087425359001873e+00
1.161161161161161104e+01 3.144291017412620182e+00
1.162162162162162105e+01 3.146489384823695445e+00
1.163163163163163105e+01 3.148682529139648523e+00
1.164164164164164106e+01 3.150870451907902936e+00
1.165165165165165106e+01 3.153053154675880432e+00
1.166166166166166107e+01 3.155230638991004533e+00
1.167167167167167108e+01 3.157402906400697873e+00
1.168168168168168108e+01 3.159569958452383087e+00
1.169169169169169109e+01 3.161731796693482366e+00
1.170170170170170110e+01 3.163888422671418343e+00
1.171171171171171110e+01 3.166039837933614542e+00
1.172172172172172111e+01 3.168186044027493153e+00
1.173173173173173112e+01 3.170327042500476811e+00
1.174174174174174112e+01 3.172462834899987705e+00
1.175175175175175113e+01 3.174593422773449802e+00
1.176176176176176114e+01 3.176718807668284406e+00
1.177177177177177114e+01 3.178838991131914593e+00
1.178178178178178115e+01 3.180953974711763887e+00
1.179179179179179116e+01 3.183063759955253147e+00
1.180180180180180116e+01 3.185168348409806782e+00
1.181181181181181117e+01 3.187267741622846984e+00
1.182182182182182117e+01 3.189361941141795942e+00
1.183183183183183118e+01 3.191450948514076735e+00
1.184184184184184119e+01 3.193534765287111998e+00
1.185185185185185119e+01 3.195613393008324810e+00
1.186186186186186120e+01 3.197686833225136471e+00
1.187187187187187121e+01 3.199755087484971394e+00
1.188188188188188121e+01 3.201818157335250437e+00
1.189189189189189122e+01 3.203876044323398009e+00
1.190190190190190123e+01 3.205928749996835858e+00
1.191191191191191123e+01 3.207976275902987062e+00
1.192192192192192124e+01 3.210018623589273812e+00
1.193193193193193125e+01 3.212055794603119185e+00
1.194194194194194125e+01 3.214087790491945373e+00
1.195195195195195126e+01 3.216114612803175454e+00
1.196196196196196126e+01 3.218136263084232063e+00
1.197197197197197127e+01 3.220152742882537389e+00
1.198198198198198128e+01 3.222164053745514511e+00
1.199199199199199128e+01 3.224170197220586509e+00
1.200200200200200129e+01 3.226171174855176016e+00
1.201201201201201130e+01 3.228166988196704779e+00
1.202202202202202130e+01 3.230157638792596320e+00
1.203203203203203131e+01 3.232143128190272385e+00
1.204204204204204132e+01 3.234123457937156498e+00
1.205205205205205132e+01 3.236098629580671293e+00
1.206206206206206133e+01 3.238068644668238960e+00
1.207207207207207134e+01 3.240033504747283022e+00
1.208208208208208134e+01 3.241993211365225225e+00
1.209209209209209135e+01 3.243947766069488647e+00
1.210210210210210136e+01 3.245897170407495924e+00
1.211211211211211136e+01 3.247841425926669690e+00
1.212212212212212137e+01 3.249780534174432578e+00
1.213213213213213137e+01 3.251714496698207224e+00
1.214214214214214138e+01 3.253643315045416262e+00
1.215215215215215139e+01 3.255566990763482327e+00
1.216216216216216139e+01 3.257485525399828497e+00
1.217217217217217140e+01 3.259398920501877406e+00
1.218218218218218141e+01 3.261307177617051689e+00
1.219219219219219141e+01 3.263210298292773537e+00
1.220220220220220142e+01 3.265108284076466028e+00
1.221221221221221143e+01 3.267001136515551352e+00
1.222222222222222143e+01 3.268888857157452588e+00
1.223223223223223144e+01 3.270771447549592814e+00
1.224224224224224145e+01 3.272648909239393333e+00
1.225225225225225145e+01 3.274521243774278556e+00
1.226226226226226146e+01 3.276388452701670229e+00
1.227227227227227146e+01 3.278250537568990985e+00
1.228228228228228147e+01 3.280107499923663905e+00
1.229229229229229148e+01 3.281959341313111178e+00
1.230230230230230148e+01 3.283806063284755439e+00
1.231231231231231149e+01 3.285647667386020210e+00
1.232232232232232150e+01 3.287484155164326793e+00
1.233233233233233150e+01 3.289315528167098712e+00
1.234234234234234151e+01 3.291141787941758601e+00
1.235235235235235152e+01 3.292962936035729093e+00
1.236236236236236152e+01 3.294778973996433713e+00
1.237237237237237153e+01 3.296589903371292873e+00
1.238238238238238154e+01 3.298395725707731430e+00
1.239239239239239154e+01 3.300196442553171128e+00
1.240240240240240155e+01 3.301992055455035047e+00
1.241241241241241156e+01 3.303782565960744932e+00
1.242242242242242156e+01 3.305567975617724308e+00
1.243243243243243157e+01 3.307348285973395363e+00
1.244244244244244157e+01 3.309123498575181177e+00
1.245245245245245158e+01 3.310893614970504828e+00
1.246246246246246159e+01 3.312658636706788062e+00
1.247247247247247159e+01 3.314418565331453514e+00
1.248248248248248160e+01 3.316173402391924707e+00
1.249249249249249161e+01 3.317923149435623831e+00
1.250250250250250161e+01 3.319667808009973076e+00
1.251251251251251162e+01 3.321407379662395964e+00
1.252252252252252163e+01 3.323141865940314688e+00
1.253253253253253163e+01 3.324871268391152324e+00
1.254254254254254164e+01 3.326595588562331063e+00
1.255255255255255165e+01 3.328314828001273540e+00
1.256256256256256165e+01 3.330028988255403277e+00
1.257257257257257166e+01 3.331738070872142021e+00
1.258258258258258167e+01 3.333442077398912851e+00
1.259259259259259167e+01 3.335141009383138400e+00
1.260260260260260168e+01 3.336834868372239971e+00
1.261261261261261168e+01 3.338523655913643307e+00
1.262262262262262169e+01 3.340207373554768377e+00
1.263263263263263170e+01 3.341886022843038706e+00
1.264264264264264170e+01 3.343559605325877371e+00
1.265265265265265171e+01 3.345228122550707006e+00
1.266266266266266172e+01 3.346891576064949358e+00
1.267267267267267172e+01 3.348549967416028394e+00
1.268268268268268173e+01 3.350203298151365860e+00
1.269269269269269174e+01 3.351851569818383503e+00
1.270270270270270174e+01 3.353494783964507064e+00
1.271271271271271175e+01 3.355132942137155627e+00
1.272272272272272176e+01 3.356766045883754490e+00
1.273273273273273176e+01 3.358394096751724955e+00
1.274274274274274177e+01 3.360017096288490546e+00
1.275275275275275177e+01 3.361635046041473451e+00
1.276276276276276178e+01 3.363247947558096307e+00
1.277277277277277179e+01 3.364855802385781747e+00
1.278278278278278179e+01 3.366458612071952405e+00
1.279279279279279180e+01 3.368056378164031806e+00
1.280280280280280181e+01 3.369649102209440805e+00
1.281281281281281181e+01 3.371236785755603815e+00
1.282282282282282360e+01 3.372819430349943470e+00
1.283283283283283360e+01 3.374397037539881072e+00
1.284284284284284361e+01 3.375969608872840144e+00
1.285285285285285362e+01 3.377537145896243320e+00
1.286286286286286362e+01 3.379099650157513679e+00
1.287287287287287363e+01 3.380657123204072967e+00
1.288288288288288364e+01 3.382209566583343818e+00
1.289289289289289364e+01 3.383756981842750200e+00
1.290290290290290365e+01 3.385299370529713858e+00
1.291291291291291365e+01 3.386836734191657428e+00
1.292292292292292366e+01 3.388369074376003987e+00
1.293293293293293367e+01 3.389896392630176170e+00
1.294294294294294367e+01 3.391418690501595723e+00
1.295295295295295368e+01 3.392935969537686614e+00
1.296296296296296369e+01 3.394448231285870587e+00
1.297297297297297369e+01 3.395955477293570279e+00
1.298298298298298370e+01 3.397457709108209212e+00
1.299299299299299371e+01 3.398954928277209575e+00
1.300300300300300371e+01 3.400447136347994448e+00
1.301301301301301372e+01 3.401934334867985577e+00
1.302302302302302373e+01 3.403416525384606484e+00
1.303303303303303373e+01 3.404893709445278915e+00
1.304304304304304374e+01 3.406365888597426839e+00
1.305305305305305374e+01 3.407833064388471556e+00
1.306306306306306375e+01 3.409295238365837033e+00
1.307307307307307376e+01 3.410752412076945017e+00
1.308308308308308376e+01 3.412204587069218586e+00
1.309309309309309377e+01 3.413651764890079932e+00
1.310310310310310378e+01 3.415093947086952131e+00
1.311311311311311378e+01 3.416531135207258263e+00
1.312312312312312379e+01 3.417963330798420518e+00
1.313313313313313380e+01 3.419390535407860643e+00
1.314314314314314380e+01 3.420812750583003492e+00
1.315315315315315381e+01 3.422229977871269924e+00
1.316316316316316382e+01 3.423642218820083016e+00
1.317317317317317382e+01 3.425049474976865849e+00
1.318318318318318383e+01 3.426451747889041055e+00
1.319319319319319384e+01 3.427849039104030382e+00
1.320320320320320384e+01 3.429241350169258240e+00
1.321321321321321385e+01 3.430628682632145043e+00
1.322322322322322385e+01 3.432011038040115203e+00
1.323323323323323386e+01 3.433388417940591353e+00
1.324324324324324387e+01 3.434760823880995240e+00
1.325325325325325387e+01 3.436128257408749498e+00
1.326326326326326388e+01 3.437490720071278094e+00
1.327327327327327389e+01 3.438848213416002775e+00
1.328328328328328389e+01 3.440200738990346174e+00
1.329329329329329390e+01 3.441548298341730483e+00
1.330330330330330391e+01 3.442890893017579668e+00
1.331331331331331391e+01 3.444228524565315919e+00
1.332332332332332392e+01 3.445561194532361871e+00
1.333333333333333393e+01 3.446888904466139270e+00
1.334334334334334393e+01 3.448211655914072082e+00
1.335335335335335394e+01 3.449529450423581611e+00
1.336336336336336394e+01 3.450842289542092711e+00
1.337337337337337395e+01 3.452150174817025352e+00
1.338338338338338396e+01 3.453453107795804389e+00
1.339339339339339396e+01 3.454751090025851123e+00
1.340340340340340397e+01 3.456044123054589523e+00
1.341341341341341398e+01 3.457332208429440445e+00
1.342342342342342398e+01 3.458615347697828302e+00
1.343343343343343399e+01 3.459893542407175282e+00
1.344344344344344400e+01 3.461166794104903577e+00
1.345345345345345400e+01 3.462435104338435821e+00
1.346346346346346401e+01 3.463698474655195092e+00
1.347347347347347402e+01 3.464956906602604025e+00
1.348348348348348402e+01 3.466210401728085255e+00
1.349349349349349403e+01 3.467458961579060972e+00
1.350350350350350404e+01 3.468702587702954698e+00
1.351351351351351404e+01 3.469941281647189069e+00
1.352352352352352405e+01 3.471175044959186273e+00
1.353353353353353405e+01 3.472403879186368503e+00
1.354354354354354406e+01 3.473627785876158836e+00
1.355355355355355407e+01 3.474846766575980794e+00
1.356356356356356407e+01 3.476060822833256125e+00
1.357357357357357408e+01 3.477269956195407907e+00
1.358358358358358409e+01 3.478474168209858330e+00
1.359359359359359409e+01 3.479673460424030473e+00
1.360360360360360410e+01 3.480867834385346526e+00
1.361361361361361411e+01 3.482057291641230456e+00
1.362362362362362411e+01 3.483241833739103566e+00
1.363363363363363412e+01 3.484421462226388488e+00
1.364364364364364413e+01 3.485596178650509191e+00
1.365365365365365413e+01 3.486765984558887421e+00
1.366366366366366414e+01 3.487930881498944924e+00
1.367367367367367414e+01 3.489090871018106554e+00
1.368368368368368415e+01 3.490245954663793615e+00
1.369369369369369416e+01 3.491396133983428740e+00
1.370370370370370416e+01 3.492541410524434564e+00
1.371371371371371417e+01 3.493681785834234610e+00
1.372372372372372418e+01 3.494817261460250624e+00
1.373373373373373418e+01 3.495947838949906128e+00
1.374374374374374419e+01 3.497073519850622869e+00
1.375375375375375420e+01 3.498194305709823926e+00
1.376376376376376420e+01 3.499310198074932376e+00
1.377377377377377421e+01 3.500421198493369968e+00
1.378378378378378422e+01 3.501527308512559777e+00
1.379379379379379422e+01 3.502628529679925329e+00
1.380380380380380423e+01 3.503724863542888368e+00
1.381381381381381424e+01 3.504816311648871974e+00
1.382382382382382424e+01 3.505902875545297892e+00
1.383383383383383425e+01 3.506984556779590090e+00
1.384384384384384425e+01 3.508061356899169869e+00
1.385385385385385426e+01 3.509133277451461641e+00
1.386386386386386427e+01 3.510200319983886263e+00
1.387387387387387427e+01 3.511262486043867703e+00
1.388388388388388428e+01 3.512319777178828595e+00
1.389389389389389429e+01 3.513372194936190684e+00
1.390390390390390429e+01 3.514419740863377051e+00
1.391391391391391430e+01 3.515462416507811216e+00
1.392392392392392431e+01 3.516500223416914483e+00
1.393393393393393431e+01 3.517533163138109931e+00
1.394394394394394432e+01 3.518561237218821081e+00
1.395395395395395433e+01 3.519584447206469235e+00
1.396396396396396433e+01 3.520602794648478362e+00
1.397397397397397434e+01 3.521616281092270651e+00
1.398398398398398434e+01 3.522624908085268292e+00
1.399399399399399435e+01 3.523628677174894364e+00
1.400400400400400436e+01 3.524627589908571501e+00
1.401401401401401436e+01 3.525621647833722783e+00
1.402402402402402437e+01 3.526610852497769955e+00
1.403403403403403438e+01 3.527595205448136539e+00
1.404404404404404438e+01 3.528574708232244728e+00
1.405405405405405439e+01 3.529549362397517598e+00
1.406406406406406440e+01 3.530519169491376896e+00
1.407407407407407440e+01 3.531484131061246590e+00
1.408408408408408441e+01 3.532444248654548424e+00
1.409409409409409442e+01 3.533399523818705923e+00
1.410410410410410442e+01 3.534349958101140832e+00
1.411411411411411443e+01 3.535295553049275785e+00
1.412412412412412444e+01 3.536236310210534306e+00
1.413413413413413444e+01 3.537172231132338585e+00
1.414414414414414445e+01 3.538103317362110811e+00
1.415415415415415445e+01 3.539029570447274953e+00
1.416416416416416446e+01 3.539950991935252755e+00
1.417417417417417447e+01 3.540867583373466410e+00
1.418418418418418447e+01 3.541779346309339882e+00
1.419419419419419448e+01 3.542686282290294475e+00
1.420420420420420449e+01 3.543588392863754599e+00
1.421421421421421449e+01 3.544485679577140669e+00
1.422422422422422450e+01 3.545378143977877095e+00
1.423423423423423451e+01 3.546265787613386067e+00
1.424424424424424451e+01 3.547148612031090220e+00
1.425425425425425452e+01 3.548026618778412189e+00
1.426426426426426453e+01 3.548899809402774608e+00
1.427427427427427453e+01 3.549768185451599667e+00
1.428428428428428454e+01 3.550631748472311333e+00
1.429429429429429455e+01 3.551490500012331353e+00
1.430430430430430455e+01 3.552344441619082360e+00
1.431431431431431456e+01 3.553193574839986990e+00
1.432432432432432456e+01 3.554037901222468765e+00
1.433433433433433457e+01 3.554877422313949431e+00
1.434434434434434458e+01 3.555712139661851623e+00
1.435435435435435458e+01 3.556542054813597975e+00
1.436436436436436459e+01 3.557367169316612454e+00
1.437437437437437460e+01 3.558187484718316806e+00
1.438438438438438460e+01 3.559003002566133222e+00
1.439439439439439461e+01 3.559813724407484337e+00
1.440440440440440462e+01 3.560619651789794560e+00
1.441441441441441462e+01 3.561420786260484306e+00
1.442442442442442463e+01 3.562217129366977986e+00
1.443443443443443464e+01 3.563008682656696902e+00
1.444444444444444464e+01 3.563795447677065020e+00
1.445445445445445465e+01 3.564577425975504088e+00
1.446446446446446465e+01 3.565354619099436739e+00
1.447447447447447466e+01 3.566127028596285609e+00
1.448448448448448467e+01 3.566894656013474663e+00
1.449449449449449467e+01 3.567657502898425204e+00
1.450450450450450468e+01 3.568415570798560754e+00
1.451451451451451469e+01 3.569168861261302617e+00
1.452452452452452469e+01 3.569917375834074758e+00
1.453453453453453470e+01 3.570661116064299812e+00
1.454454454454454471e+01 3.571400083499399525e+00
1.455455455455455471e+01 3.572134279686797420e+00
1.456456456456456472e+01 3.572863706173916132e+00
1.457457457457457473e+01 3.573588364508177850e+00
1.458458458458458473e+01 3.574308256237006098e+00
1.459459459459459474e+01 3.575023382907822178e+00
1.460460460460460475e+01 3.575733746068049612e+00
1.461461461461461475e+01 3.576439347265111479e+00
1.462462462462462476e+01 3.577140188046429525e+00
1.463463463463463476e+01 3.577836269959426385e+00
1.464464464464464477e+01 3.578527594551526025e+00
1.465465465465465478e+01 3.579214163370150192e+00
1.466466466466466478e+01 3.579895977962721521e+00
1.467467467467467479e+01 3.580573039876662644e+00
1.468468468468468480e+01 3.581245350659396198e+00
1.469469469469469480e+01 3.581912911858345261e+00
1.470470470470470481e+01 3.582575725020932467e+00
1.471471471471471482e+01 3.583233791694579562e+00
1.472472472472472482e+01 3.583887113426710957e+00
1.473473473473473483e+01 3.584535691764748400e+00
1.474474474474474484e+01 3.585179528256113635e+00
1.475475475475475484e+01 3.585818624448230629e+00
1.476476476476476485e+01 3.586452981888521130e+00
1.477477477477477485e+01 3.587082602124408659e+00
1.478478478478478486e+01 3.587707486703315851e+00
1.479479479479479487e+01 3.588327637172664453e+00
1.480480480480480487e+01 3.588943055079877986e+00
1.481481481481481488e+01 3.589553741972379086e+00
1.482482482482482489e+01 3.590159699397589943e+00
1.483483483483483489e+01 3.590760928902933635e+00
1.484484484484484490e+01 3.591357432035831909e+00
1.485485485485485491e+01 3.591949210343709176e+00
1.486486486486486491e+01 3.592536265373986293e+00
1.487487487487487492e+01 3.593118598674087671e+00
1.488488488488488493e+01 3.593696211791434170e+00
1.489489489489489493e+01 3.594269106273449754e+00
1.490490490490490494e+01 3.594837283667556616e+00
1.491491491491491495e+01 3.595400745521177832e+00
1.492492492492492495e+01 3.595959493381734706e+00
1.493493493493493496e+01 3.596513528796652093e+00
1.494494494494494496e+01 3.597062853313350850e+00
1.495495495495495497e+01 3.597607468479254944e+00
1.496496496496496498e+01 3.598147375841786122e+00
1.497497497497497498e+01 3.598682576948367018e+00
1.498498498498498499e+01 3.599213073346420710e+00
1.499499499499499500e+01 3.599738866583370278e+00
1.500500500500500500e+01 3.600259958206637023e+00
1.501501501501501501e+01 3.600776349763645356e+00
1.502502502502502502e+01 3.601288042801817024e+00
1.503503503503503502e+01 3.601795038868574661e+00
1.504504504504504503e+01 3.602297339511340457e+00
1.505505505505505504e+01 3.602794946277538379e+00
1.506506506506506504e+01 3.603287860714589730e+00
1.507507507507507505e+01 3.603776084369918031e+00
1.508508508508508505e+01 3.604259618790945474e+00
1.509509509509509506e+01 3.604738465525096025e+00
1.510510510510510507e+01 3.605212626119790098e+00
1.511511511511511507e+01 3.605682102122452548e+00
1.512512512512512508e+01 3.606146895080504677e+00
1.513513513513513509e+01 3.606607006541369564e+00
1.514514514514514509e+01 3.607062438052470288e+00
1.515515515515515510e+01 3.607513191161228594e+00
1.516516516516516511e+01 3.607959267415068005e+00
1.517517517517517511e+01 3.608400668361410268e+00
1.518518518518518512e+01 3.608837395547678906e+00
1.519519519519519513e+01 3.609269450521296552e+00
1.520520520520520513e+01 3.609696834829684953e+00
1.521521521521521514e+01 3.610119550020268520e+00
1.522522522522522515e+01 3.610537597640468555e+00
1.523523523523523515e+01 3.610950979237707692e+00
1.524524524524524516e+01 3.611359696359409011e+00
1.525525525525525516e+01 3.611763750552995145e+00
1.526526526526526517e+01 3.612163143365889173e+00
1.527527527527527518e+01 3.612557876345512842e+00
1.528528528528528518e+01 3.612947951039289229e+00
1.529529529529529519e+01 3.613333368994641415e+00
1.530530530530530520e+01 3.613714131758992032e+00
1.531531531531531520e+01 3.614090240879763272e+00
1.532532532532532521e+01 3.614461697904377768e+00
1.533533533533533522e+01 3.614828504380258156e+00
1.534534534534534522e+01 3.615190661854827958e+00
1.535535535535535523e+01 3.615548171875508920e+00
1.536536536536536524e+01 3.615901035989724122e+00
1.537537537537537524e+01 3.616249255744896196e+00
1.538538538538538525e+01 3.616592832688447334e+00
1.539539539539539525e+01 3.616931768367801503e+00
1.540540540540540526e+01 3.617266064330380004e+00
1.541541541541541527e+01 3.617595722123605917e+00
1.542542542542542527e+01 3.617920743294902319e+00
1.543543543543543528e+01 3.618241129391691402e+00
1.544544544544544529e+01 3.618556881961395799e+00
1.545545545545545529e+01 3.618868002551438590e+00
1.546546546546546530e+01 3.619174492709242408e+00
1.547547547547547531e+01 3.619476353982229888e+00
1.548548548548548531e+01 3.619773587917823221e+00
1.549549549549549532e+01 3.620066196063445041e+00
1.550550550550550533e+01 3.620354179966518871e+00
1.551551551551551533e+01 3.620637541174466900e+00
1.552552552552552534e+01 3.620916281234712208e+00
1.553553553553553535e+01 3.621190401694676098e+00
1.554554554554554535e+01 3.621459904101782978e+00
1.555555555555555536e+01 3.621724790003455041e+00
1.556556556556556536e+01 3.621985060947113588e+00
1.557557557557557537e+01 3.622240718480182586e+00
1.558558558558558538e+01 3.622491764150085558e+00
1.559559559559559538e+01 3.622738199504242917e+00
1.560560560560560539e+01 3.622980026090079075e+00
1.561561561561561540e+01 3.623217245455015778e+00
1.562562562562562540e+01 3.623449859146476104e+00
1.563563563563563541e+01 3.623677868711883576e+00
1.564564564564564542e+01 3.623901275698659052e+00
1.565565565565565542e+01 3.624120081654226055e+00
1.566566566566566543e+01 3.624334288126007664e+00
1.567567567567567544e+01 3.624543896661426068e+00
1.568568568568568544e+01 3.624748908807903902e+00
1.569569569569569545e+01 3.624949326112863801e+00
1.570570570570570545e+01 3.625145150123729287e+00
1.571571571571571546e+01 3.625336382387922551e+00
1.572572572572572547e+01 3.625523024452865339e+00
1.573573573573573547e+01 3.625705077865981174e+00
1.574574574574574548e+01 3.625882544174692690e+00
1.575575575575575549e+01 3.626055424926422965e+00
1.576576576576576549e+01 3.626223721668593747e+00
1.577577577577577550e+01 3.626387435948628113e+00
1.578578578578578551e+01 3.626546569313949142e+00
1.579579579579579551e+01 3.626701123311978581e+00
1.580580580580580552e+01 3.626851099490140395e+00
1.581581581581581553e+01 3.626996499395856333e+00
1.582582582582582553e+01 3.627137324576548139e+00
1.583583583583583554e+01 3.627273576579640668e+00
1.584584584584584555e+01 3.627405256952555668e+00
1.585585585585585555e+01 3.627532367242714439e+00
1.586586586586586556e+01 3.627654908997541838e+00
1.587587587587587556e+01 3.627772883764459610e+00
1.588588588588588557e+01 3.627886293090890391e+00
1.589589589589589558e+01 3.627995138524256813e+00
1.590590590590590558e+01 3.628099421611980624e+00
1.591591591591591559e+01 3.628199143901486678e+00
1.592592592592592560e+01 3.628294306940195835e+00
1.593593593593593560e+01 3.628384912275531171e+00
1.594594594594594561e+01 3.628470961454915766e+00
1.595595595595595562e+01 3.628552456025771811e+00
1.596596596596596562e+01 3.628629397535522383e+00
1.597597597597597563e+01 3.628701787531590117e+00
1.598598598598598564e+01 3.628769627561397204e+00
1.599599599599599564e+01 3.628832919172366722e+00
1.600600600600600742e+01 3.628891663911921306e+00
1.601601601601601743e+01 3.628945863327484034e+00
1.602602602602602744e+01 3.628995518966476652e+00
1.603603603603603744e+01 3.629040632376322240e+00
1.604604604604604745e+01 3.629081205104443875e+00
1.605605605605605746e+01 3.629117238698263304e+00
1.606606606606606746e+01 3.629148734705204049e+00
1.607607607607607747e+01 3.629175694672689190e+00
1.608608608608608748e+01 3.629198120148140028e+00
1.609609609609609748e+01 3.629216012678980086e+00
1.610610610610610749e+01 3.629229373812631554e+00
1.611611611611611750e+01 3.629238205096517955e+00
1.612612612612612750e+01 3.629242508078060592e+00
1.613613613613613751e+01 3.629242284304683430e+00
1.614614614614614752e+01 3.629237535323809105e+00
1.615615615615615752e+01 3.629228262682859363e+00
1.616616616616616753e+01 3.629214467929257726e+00
1.617617617617617753e+01 3.629196152610425941e+00
1.618618618618618754e+01 3.629173318273787530e+00
1.619619619619619755e+01 3.629145966466765127e+00
1.620620620620620755e+01 3.629114098736780480e+00
1.621621621621621756e+01 3.629077716631257111e+00
1.622622622622622757e+01 3.629036821697618098e+00
1.623623623623623757e+01 3.628991415483285632e+00
1.624624624624624758e+01 3.628941499535681459e+00
1.625625625625625759e+01 3.628887075402229101e+00
1.626626626626626759e+01 3.628828144630351638e+00
1.627627627627627760e+01 3.628764708767471259e+00
1.628628628628628761e+01 3.628696769361010155e+00
1.629629629629629761e+01 3.628624327958391849e+00
1.630630630630630762e+01 3.628547386107038975e+00
1.631631631631631763e+01 3.628465945354373723e+00
1.632632632632632763e+01 3.628380007247818728e+00
1.633633633633633764e+01 3.628289573334796625e+00
1.634634634634634764e+01 3.628194645162730492e+00
1.635635635635635765e+01 3.628095224279042963e+00
1.636636636636636766e+01 3.627991312231156673e+00
1.637637637637637766e+01 3.627882910566494257e+00
1.638638638638638767e+01 3.627770020832477904e+00
1.639639639639639768e+01 3.627652644576531138e+00
1.640640640640640768e+01 3.627530783346076149e+00
1.641641641641641769e+01 3.627404438688534682e+00
1.642642642642642770e+01 3.627273612151331594e+00
1.643643643643643770e+01 3.627138305281888186e+00
1.644644644644644771e+01 3.626998519627626205e+00
1.645645645645645772e+01 3.626854256735970061e+00
1.646646646646646772e+01 3.626705518154341945e+00
1.647647647647647773e+01 3.626552305430164935e+00
1.648648648648648773e+01 3.626394620110859890e+00
1.649649649649649774e+01 3.626232463743850776e+00
1.650650650650650775e+01 3.626065837876560671e+00
1.651651651651651775e+01 3.625894744056411767e+00
1.652652652652652776e+01 3.625719183830826253e+00
1.653653653653653777e+01 3.625539158747228097e+00
1.654654654654654777e+01 3.625354670353038600e+00
1.655655655655655778e+01 3.625165720195680841e+00
1.656656656656656779e+01 3.624972309822578342e+00
1.657657657657657779e+01 3.624774440781151519e+00
1.658658658658658780e+01 3.624572114618826113e+00
1.659659659659659781e+01 3.624365332883022539e+00
1.660660660660660781e+01 3.624154097121164320e+00
1.661661661661661782e+01 3.623938408880673645e+00
1.662662662662662783e+01 3.623718269708974038e+00
1.663663663663663783e+01 3.623493681153487245e+00
1.664664664664664784e+01 3.623264644761636788e+00
1.665665665665665784e+01 3.623031162080844858e+00
1.666666666666666785e+01 3.622793234658533645e+00
1.667667667667667786e+01 3.622550864042126673e+00
1.668668668668668786e+01 3.622304051779046130e+00
1.669669669669669787e+01 3.622052799416714652e+00
1.670670670670670788e+01 3.621797108502555762e+00
1.671671671671671788e+01 3.621536980583990761e+00
1.672672672672672789e+01 3.621272417208443173e+00
1.673673673673673790e+01 3.621003419923336075e+00
1.674674674674674790e+01 3.620729990276090327e+00
1.675675675675675791e+01 3.620452129814130782e+00
1.676676676676676792e+01 3.620169840084879187e+00
1.677677677677677792e+01 3.619883122635757289e+00
1.678678678678678793e+01 3.619591979014189498e+00
1.679679679679679793e+01 3.619296410767598005e+00
1.680680680680680794e+01 3.618996419443404111e+00
1.681681681681681795e+01 3.618692006589032228e+00
1.682682682682682795e+01 3.618383173751903659e+00
1.683683683683683796e+01 3.618069922479442369e+00
1.684684684684684797e+01 3.617752254319070104e+00
1.685685685685685797e+01 3.617430170818209056e+00
1.686686686686686798e+01 3.617103673524283636e+00
1.687687687687687799e+01 3.616772763984715144e+00
1.688688688688688799e+01 3.616437443746927105e+00
1.689689689689689800e+01 3.616097714358341264e+00
1.690690690690690801e+01 3.615753577366380256e+00
1.691691691691691801e+01 3.615405034318467603e+00
1.692692692692692802e+01 3.615052086762025940e+00
1.693693693693693803e+01 3.614694736244476569e+00
1.694694694694694803e+01 3.614332984313244346e+00
1.695695695695695804e+01 3.613966832515750571e+00
1.696696696696696804e+01 3.613596282399417881e+00
1.697697697697697805e+01 3.613221335511669352e+00
1.698698698698698806e+01 3.612841993399926732e+00
1.699699699699699806e+01 3.612458257611613988e+00
1.700700700700700807e+01 3.612070129694153753e+00
1.701701701701701808e+01 3.611677611194967330e+00
1.702702702702702808e+01 3.611280703661478242e+00
1.703703703703703809e+01 3.610879408641110011e+00
1.704704704704704810e+01 3.610473727681283940e+00
1.705705705705705810e+01 3.610063662329423106e+00
1.706706706706706811e+01 3.609649214132950590e+00
1.707707707707707812e+01 3.609230384639288136e+00
1.708708708708708812e+01 3.608807175395859712e+00
1.709709709709709813e+01 3.608379587950087064e+00
1.710710710710710813e+01 3.607947623849393270e+00
1.711711711711711814e+01 3.607511284641200522e+00
1.712712712712712815e+01 3.607070571872932341e+00
1.713713713713713815e+01 3.606625487092010474e+00
1.714714714714714816e+01 3.606176031845858443e+00
1.715715715715715817e+01 3.605722207681898439e+00
1.716716716716716817e+01 3.605264016147551764e+00
1.717717717717717818e+01 3.604801458790243718e+00
1.718718718718718819e+01 3.604334537157395602e+00
1.719719719719719819e+01 3.603863252796430050e+00
1.720720720720720820e+01 3.603387607254769698e+00
1.721721721721721821e+01 3.602907602079837623e+00
1.722722722722722821e+01 3.602423238819056905e+00
1.723723723723723822e+01 3.601934519019848846e+00
1.724724724724724823e+01 3.601441444229637412e+00
1.725725725725725823e+01 3.600944015995843461e+00
1.726726726726726824e+01 3.600442235865891849e+00
1.727727727727727824e+01 3.599936105387203877e+00
1.728728728728728825e+01 3.599425626107203513e+00
1.729729729729729826e+01 3.598910799573312058e+00
1.730730730730730826e+01 3.598391627332953036e+00
1.731731731731731827e+01 3.597868110933548191e+00
1.732732732732732828e+01 3.597340251922520160e+00
1.733733733733733828e+01 3.596808051847293353e+00
1.734734734734734829e+01 3.596271512255289515e+00
1.735735735735735830e+01 3.595730634693930394e+00
1.736736736736736830e+01 3.595185420710639956e+00
1.737737737737737831e+01 3.594635871852839948e+00
1.738738738738738832e+01 3.594081989667953447e+00
1.739739739739739832e+01 3.593523775703403089e+00
1.740740740740740833e+01 3.592961231506611508e+00
1.741741741741741833e+01 3.592394358625000894e+00
1.742742742742742834e+01 3.591823158605994770e+00
1.743743743743743835e+01 3.591247632997015771e+00
1.744744744744744835e+01 3.590667783345486086e+00
1.745745745745745836e+01 3.590083611198828351e+00
1.746746746746746837e+01 3.589495118104465643e+00
1.747747747747747837e+01 3.588902305609820598e+00
1.748748748748748838e+01 3.588305175262314517e+00
1.749749749749749839e+01 3.587703728609372256e+00
1.750750750750750839e+01 3.587097967198415116e+00
1.751751751751751840e+01 3.586487892576866621e+00
1.752752752752752841e+01 3.585873506292148960e+00
1.753753753753753841e+01 3.585254809891684324e+00
1.754754754754754842e+01 3.584631804922896237e+00
1.755755755755755843e+01 3.584004492933206887e+00
1.756756756756756843e+01 3.583372875470038910e+00
1.757757757757757844e+01 3.582736954080814495e+00
1.758758758758758844e+01 3.582096730312957611e+00
1.759759759759759845e+01 3.581452205713890447e+00
1.760760760760760846e+01 3.580803381831035193e+00
1.761761761761761846e+01 3.580150260211814928e+00
1.762762762762762847e+01 3.579492842403651842e+00
1.763763763763763848e+01 3.578831129953969459e+00
1.764764764764764848e+01 3.578165124410189080e+00
1.765765765765765849e+01 3.577494827319734672e+00
1.766766766766766850e+01 3.576820240230028869e+00
1.767767767767767850e+01 3.576141364688493862e+00
1.768768768768768851e+01 3.575458202242552286e+00
1.769769769769769852e+01 3.574770754439626774e+00
1.770770770770770852e+01 3.574079022827140406e+00
1.771771771771771853e+01 3.573383008952515372e+00
1.772772772772772854e+01 3.572682714363174750e+00
1.773773773773773854e+01 3.571978140606539842e+00
1.774774774774774855e+01 3.571269289230035504e+00
1.775775775775775855e+01 3.570556161781083482e+00
1.776776776776776856e+01 3.569838759807106410e+00
1.777777777777777857e+01 3.569117084855526922e+00
1.778778778778778857e+01 3.568391138473767654e+00
1.779779779779779858e+01 3.567660922209250796e+00
1.780780780780780859e+01 3.566926437609399425e+00
1.781781781781781859e+01 3.566187686221636621e+00
1.782782782782782860e+01 3.565444669593385019e+00
1.783783783783783861e+01 3.564697389272066808e+00
1.784784784784784861e+01 3.563945846805105067e+00
1.785785785785785862e+01 3.563190043739921986e+00
1.786786786786786863e+01 3.562429981623941089e+00
1.787787787787787863e+01 3.561665662004583677e+00
1.788788788788788864e+01 3.560897086429273717e+00
1.789789789789789864e+01 3.560124256445432511e+00
1.790790790790790865e+01 3.559347173600484027e+00
1.791791791791791866e+01 3.558565839441850898e+00
1.792792792792792866e+01 3.557780255516955314e+00
1.793793793793793867e+01 3.556990423373219912e+00
1.794794794794794868e+01 3.556196344558067324e+00
1.795795795795795868e+01 3.555398020618920629e+00
1.796796796796796869e+01 3.554595453103202018e+00
1.797797797797797870e+01 3.553788643558334126e+00
1.798798798798798870e+01 3.552977593531739586e+00
1.799799799799799871e+01 3.552162304570841922e+00
1.800800800800800872e+01 3.551342778223062879e+00
1.801801801801801872e+01 3.550519016035825981e+00
1.802802802802802873e+01 3.549691019556552973e+00
1.803803803803803874e+01 3.548858790332667823e+00
1.804804804804804874e+01 3.548022329911590944e+00
1.805805805805805875e+01 3.547181639840746303e+00
1.806806806806806875e+01 3.546336721667557867e+00
1.807807807807807876e+01 3.545487576939446939e+00
1.808808808808808877e+01 3.544634207203835707e+00
1.809809809809809877e+01 3.543776614008147696e+00
1.810810810810810878e+01 3.542914798899805984e+00
1.811811811811811879e+01 3.542048763426232316e+00
1.812812812812812879e+01 3.541178509134849328e+00
1.813813813813813880e+01 3.540304037573080098e+00
1.814814814814814881e+01 3.539425350288346372e+00
1.815815815815815881e+01 3.538542448828072562e+00
1.816816816816816882e+01 3.537655334739680857e+00
1.817817817817817883e+01 3.536764009570593004e+00
1.818818818818818883e+01 3.535868474868232525e+00
1.819819819819819884e+01 3.534968732180021167e+00
1.820820820820820884e+01 3.534064783053382452e+00
1.821821821821821885e+01 3.533156629035738128e+00
1.822822822822822886e+01 3.532244271674512159e+00
1.823823823823823886e+01 3.531327712517127182e+00
1.824824824824824887e+01 3.530406953111004498e+00
1.825825825825825888e+01 3.529481995003567629e+00
1.826826826826826888e+01 3.528552839742239211e+00
1.827827827827827889e+01 3.527619488874441878e+00
1.828828828828828890e+01 3.526681943947598263e+00
1.829829829829829890e+01 3.525740206509131003e+00
1.830830830830830891e+01 3.524794278106462286e+00
1.831831831831831892e+01 3.523844160287015637e+00
1.832832832832832892e+01 3.522889854598213688e+00
1.833833833833833893e+01 3.521931362587479075e+00
1.834834834834834894e+01 3.520968685802233544e+00
1.835835835835835894e+01 3.520001825789901062e+00
1.836836836836836895e+01 3.519030784097902931e+00
1.837837837837837895e+01 3.518055562273662673e+00
1.838838838838838896e+01 3.517076161864602923e+00
1.839839839839839897e+01 3.516092584418146316e+00
1.840840840840840897e+01 3.515104831481715486e+00
1.841841841841841898e+01 3.514112904602733511e+00
1.842842842842842899e+01 3.513116805328622139e+00
1.843843843843843899e+01 3.512116535206805334e+00
1.844844844844844900e+01 3.511112095784703957e+00
1.845845845845845901e+01 3.510103488609741973e+00
1.846846846846846901e+01 3.509090715229341573e+00
1.847847847847847902e+01 3.508073777190925835e+00
1.848848848848848903e+01 3.507052676041917394e+00
1.849849849849849903e+01 3.506027413329738440e+00
1.850850850850850904e+01 3.504997990601812496e+00
1.851851851851851904e+01 3.503964409405561309e+00
1.852852852852852905e+01 3.502926671288407956e+00
1.853853853853853906e+01 3.501884777797775072e+00
1.854854854854854906e+01 3.500838730481085292e+00
1.855855855855855907e+01 3.499788530885760363e+00
1.856856856856856908e+01 3.498734180559225138e+00
1.857857857857857908e+01 3.497675681048900920e+00
1.858858858858858909e+01 3.496613033902210788e+00
1.859859859859859910e+01 3.495546240666576487e+00
1.860860860860860910e+01 3.494475302889421542e+00
1.861861861861861911e+01 3.493400222118168585e+00
1.862862862862862912e+01 3.492320999900238920e+00
1.863863863863863912e+01 3.491237637783057846e+00
1.864864864864864913e+01 3.490150137314046219e+00
1.865865865865865914e+01 3.489058500040627120e+00
1.866866866866866914e+01 3.487962727510223626e+00
1.867867867867867915e+01 3.486862821270257484e+00
1.868868868868868915e+01 3.485758782868151773e+00
1.869869869869869916e+01 3.484650613851330014e+00
1.870870870870870917e+01 3.483538315767213067e+00
1.871871871871871917e+01 3.482421890163224898e+00
1.872872872872872918e+01 3.481301338586787697e+00
1.873873873873873919e+01 3.480176662585324987e+00
1.874874874874874919e+01 3.479047863706258514e+00
1.875875875875875920e+01 3.477914943497011357e+00
1.876876876876876921e+01 3.476777903505006595e+00
1.877877877877877921e+01 3.475636745277665529e+00
1.878878878878878922e+01 3.474491470362411238e+00
1.879879879879879923e+01 3.473342080306667246e+00
1.880880880880880923e+01 3.472188576657856629e+00
1.881881881881881924e+01 3.471030960963400691e+00
1.882882882882882924e+01 3.469869234770722510e+00
1.883883883883883925e+01 3.468703399627245165e+00
1.884884884884884926e+01 3.467533457080390846e+00
1.885885885885885926e+01 3.466359408677582632e+00
1.886886886886886927e+01 3.465181255966243157e+00
1.887887887887887928e+01 3.463999000493793723e+00
1.888888888888888928e+01 3.462812643807658741e+00
1.889889889889889929e+01 3.461622187455261290e+00
1.890890890890890930e+01 3.460427632984022228e+00
1.891891891891891930e+01 3.459228981941365522e+00
1.892892892892892931e+01 3.458026235874713361e+00
1.893893893893893932e+01 3.456819396331487937e+00
1.894894894894894932e+01 3.455608464859111884e+00
1.895895895895895933e+01 3.454393443005010056e+00
1.896896896896896934e+01 3.453174332316602424e+00
1.897897897897897934e+01 3.451951134341312954e+00
1.898898898898898935e+01 3.450723850626564726e+00
1.899899899899899935e+01 3.449492482719779041e+00
1.900900900900900936e+01 3.448257032168379865e+00
1.901901901901901937e+01 3.447017500519788502e+00
1.902902902902902937e+01 3.445773889321429806e+00
1.903903903903903938e+01 3.444526200120722859e+00
1.904904904904904939e+01 3.443274434465093847e+00
1.905905905905905939e+01 3.442018593901964074e+00
1.906906906906906940e+01 3.440758679978756174e+00
1.907907907907907941e+01 3.439494694242893225e+00
1.908908908908908941e+01 3.438226638241797861e+00
1.909909909909909942e+01 3.436954513522891830e+00
1.910910910910910943e+01 3.435678321633598653e+00
1.911911911911911943e+01 3.434398064121340965e+00
1.912912912912912944e+01 3.433113742533540069e+00
1.913913913913913944e+01 3.431825358417620819e+00
1.914914914914914945e+01 3.430532913321004962e+00
1.915915915915915946e+01 3.429236408791114687e+00
1.916916916916916946e+01 3.427935846375373519e+00
1.917917917917917947e+01 3.426631227621203646e+00
1.918918918918918948e+01 3.425322554076027703e+00
1.919919919919919948e+01 3.424009827287267438e+00
1.920920920920920949e+01 3.422693048802347704e+00
1.921921921921921950e+01 3.421372220168689804e+00
1.922922922922922950e+01 3.420047342933716372e+00
1.923923923923923951e+01 3.418718418644850487e+00
1.924924924924924952e+01 3.417385448849514784e+00
1.925925925925925952e+01 3.416048435095131452e+00
1.926926926926926953e+01 3.414707378929123571e+00
1.927927927927927954e+01 3.413362281898913775e+00
1.928928928928928954e+01 3.412013145551923810e+00
1.929929929929929955e+01 3.410659971435578086e+00
1.930930930930930955e+01 3.409302761097298351e+00
1.931931931931931956e+01 3.407941516084507239e+00
1.932932932932932957e+01 3.406576237944627827e+00
1.933933933933933957e+01 3.405206928225082308e+00
1.934934934934934958e+01 3.403833588473293315e+00
1.935935935935935959e+01 3.402456220236682594e+00
1.936936936936936959e+01 3.401074825062675444e+00
1.937937937937937960e+01 3.399689404498692724e+00
1.938938938938938961e+01 3.398299960092157512e+00
1.939939939939939961e+01 3.396906493390491999e+00
1.940940940940940962e+01 3.395509005941119707e+00
1.941941941941941963e+01 3.394107499291462826e+00
1.942942942942942963e+01 3.392701974988943547e+00
1.943943943943943964e+01 3.391292434580984949e+00
1.944944944944944965e+01 3.389878879615009666e+00
1.945945945945945965e+01 3.388461311638440332e+00
1.946946946946946966e+01 3.387039732198700470e+00
1.947947947947947966e+01 3.385614142843211827e+00
1.948948948948948967e+01 3.384184545119397480e+00
1.949949949949949968e+01 3.382750940574679621e+00
1.950950950950950968e+01 3.381313330756480884e+00
1.951951951951951969e+01 3.379871717212224347e+00
1.952952952952952970e+01 3.378426101489332645e+00
1.953953953953953970e+01 3.376976485135228856e+00
1.954954954954954971e+01 3.375522869697334727e+00
1.955955955955955972e+01 3.374065256723073336e+00
1.956956956956956972e+01 3.372603647759867762e+00
1.957957957957957973e+01 3.371138044355140195e+00
1.958958958958958974e+01 3.369668448056313714e+00
1.959959959959959974e+01 3.368194860410810065e+00
1.960960960960960975e+01 3.366717282966051883e+00
1.961961961961961975e+01 3.365235717269463578e+00
1.962962962962962976e+01 3.363750164868466452e+00
1.963963963963963977e+01 3.362260627310484473e+00
1.964964964964964977e+01 3.360767106142938054e+00
1.965965965965965978e+01 3.359269602913251607e+00
1.966966966966966979e+01 3.357768119168846876e+00
1.967967967967967979e+01 3.356262656457146498e+00
1.968968968968968980e+01 3.354753216325573995e+00
1.969969969969969981e+01 3.353239800321552888e+00
1.970970970970970981e+01 3.351722409992503593e+00
1.971971971971971982e+01 3.350201046885849632e+00
1.972972972972972983e+01 3.348675712549014527e+00
1.973973973973973983e+01 3.347146408529420025e+00
1.974974974974974984e+01 3.345613136374488761e+00
1.975975975975975985e+01 3.344075897631643368e+00
1.976976976976976985e+01 3.342534693848306482e+00
1.977977977977977986e+01 3.340989526571902068e+00
1.978978978978978986e+01 3.339440397349851430e+00
1.979979979979979987e+01 3.337887307729578090e+00
1.980980980980980988e+01 3.336330259258504238e+00
1.981981981981981988e+01 3.334769253484052509e+00
1.982982982982982989e+01 3.333204291953645537e+00
1.983983983983983990e+01 3.331635376214705069e+00
1.984984984984984990e+01 3.330062507814656847e+00
1.985985985985985991e+01 3.328485688300919509e+00
1.986986986986986992e+01 3.326904919220918799e+00
1.987987987987987992e+01 3.325320202122076019e+00
1.988988988988988993e+01 3.323731538551814246e+00
1.989989989989989994e+01 3.322138930057556117e+00
1.990990990990990994e+01 3.320542378186724264e+00
1.991991991991991995e+01 3.318941884486741767e+00
1.992992992992992995e+01 3.317337450505029040e+00
1.993993993993993996e+01 3.315729077789011825e+00
1.994994994994994997e+01 3.314116767886111425e+00
1.995995995995995997e+01 3.312500522343750475e+00
1.996996996996996998e+01 3.310880342709352053e+00
1.997997997997997999e+01 3.309256230530337906e+00
1.998998998998998999e+01 3.307628187354131999e+00
2.000000000000000000e+01 3.305996214728155191e+00
